azimuth0,elevation0,temperature0,humidity0,vPanel0,azimuth1,elevation1,temperature1,humidity1,vPanel1,azimuth2,elevation2,temperature2,humidity2,vPanel2,azimuth3,elevation3,temperature3,humidity3,vPanel3,azimuth4,elevation4,temperature4,humidity4,vPanel4,azimuth5,elevation5,temperature5,humidity5,vPanel5,azimuth6,elevation6,temperature6,humidity6,vPanel6
91.973,30.139,38.7,22.1,0.733,92.148,30.338,38.8,21.9,0.742,92.331,30.547,38.5,22.3,0.753,92.498,30.737,38.3,22.6,0.762,92.674,30.936,38.9,22.1,0.771,92.851,31.135,39.2,21.9,0.78,93.024,31.331,39.5,21.5,0.786
92.148,30.338,38.8,21.9,0.742,92.331,30.547,38.5,22.3,0.753,92.498,30.737,38.3,22.6,0.762,92.674,30.936,38.9,22.1,0.771,92.851,31.135,39.2,21.9,0.78,93.024,31.331,39.5,21.5,0.786,93.202,31.53,40.0,21.1,0.795
92.331,30.547,38.5,22.3,0.753,92.498,30.737,38.3,22.6,0.762,92.674,30.936,38.9,22.1,0.771,92.851,31.135,39.2,21.9,0.78,93.024,31.331,39.5,21.5,0.786,93.202,31.53,40.0,21.1,0.795,93.382,31.733,40.3,20.8,0.805
92.498,30.737,38.3,22.6,0.762,92.674,30.936,38.9,22.1,0.771,92.851,31.135,39.2,21.9,0.78,93.024,31.331,39.5,21.5,0.786,93.202,31.53,40.0,21.1,0.795,93.382,31.733,40.3,20.8,0.805,93.557,31.929,40.0,21.0,0.811
92.674,30.936,38.9,22.1,0.771,92.851,31.135,39.2,21.9,0.78,93.024,31.331,39.5,21.5,0.786,93.202,31.53,40.0,21.1,0.795,93.382,31.733,40.3,20.8,0.805,93.557,31.929,40.0,21.0,0.811,93.738,32.131,40.1,20.9,0.816
92.851,31.135,39.2,21.9,0.78,93.024,31.331,39.5,21.5,0.786,93.202,31.53,40.0,21.1,0.795,93.382,31.733,40.3,20.8,0.805,93.557,31.929,40.0,21.0,0.811,93.738,32.131,40.1,20.9,0.816,93.917,32.33,40.3,20.6,0.824
93.024,31.331,39.5,21.5,0.786,93.202,31.53,40.0,21.1,0.795,93.382,31.733,40.3,20.8,0.805,93.557,31.929,40.0,21.0,0.811,93.738,32.131,40.1,20.9,0.816,93.917,32.33,40.3,20.6,0.824,94.094,32.526,40.4,20.6,0.833
93.202,31.53,40.0,21.1,0.795,93.382,31.733,40.3,20.8,0.805,93.557,31.929,40.0,21.0,0.811,93.738,32.131,40.1,20.9,0.816,93.917,32.33,40.3,20.6,0.824,94.094,32.526,40.4,20.6,0.833,94.274,32.724,40.8,20.2,0.843
93.382,31.733,40.3,20.8,0.805,93.557,31.929,40.0,21.0,0.811,93.738,32.131,40.1,20.9,0.816,93.917,32.33,40.3,20.6,0.824,94.094,32.526,40.4,20.6,0.833,94.274,32.724,40.8,20.2,0.843,94.454,32.923,41.0,20.0,0.854
93.557,31.929,40.0,21.0,0.811,93.738,32.131,40.1,20.9,0.816,93.917,32.33,40.3,20.6,0.824,94.094,32.526,40.4,20.6,0.833,94.274,32.724,40.8,20.2,0.843,94.454,32.923,41.0,20.0,0.854,94.632,33.119,41.4,19.6,0.864
93.738,32.131,40.1,20.9,0.816,93.917,32.33,40.3,20.6,0.824,94.094,32.526,40.4,20.6,0.833,94.274,32.724,40.8,20.2,0.843,94.454,32.923,41.0,20.0,0.854,94.632,33.119,41.4,19.6,0.864,94.813,33.318,41.9,19.1,0.871
93.917,32.33,40.3,20.6,0.824,94.094,32.526,40.4,20.6,0.833,94.274,32.724,40.8,20.2,0.843,94.454,32.923,41.0,20.0,0.854,94.632,33.119,41.4,19.6,0.864,94.813,33.318,41.9,19.1,0.871,94.995,33.517,42.3,18.8,0.884
94.094,32.526,40.4,20.6,0.833,94.274,32.724,40.8,20.2,0.843,94.454,32.923,41.0,20.0,0.854,94.632,33.119,41.4,19.6,0.864,94.813,33.318,41.9,19.1,0.871,94.995,33.517,42.3,18.8,0.884,95.177,33.715,42.6,18.5,0.89
94.274,32.724,40.8,20.2,0.843,94.454,32.923,41.0,20.0,0.854,94.632,33.119,41.4,19.6,0.864,94.813,33.318,41.9,19.1,0.871,94.995,33.517,42.3,18.8,0.884,95.177,33.715,42.6,18.5,0.89,95.357,33.911,42.6,18.5,0.898
94.454,32.923,41.0,20.0,0.854,94.632,33.119,41.4,19.6,0.864,94.813,33.318,41.9,19.1,0.871,94.995,33.517,42.3,18.8,0.884,95.177,33.715,42.6,18.5,0.89,95.357,33.911,42.6,18.5,0.898,95.54,34.109,42.8,18.3,0.907
94.632,33.119,41.4,19.6,0.864,94.813,33.318,41.9,19.1,0.871,94.995,33.517,42.3,18.8,0.884,95.177,33.715,42.6,18.5,0.89,95.357,33.911,42.6,18.5,0.898,95.54,34.109,42.8,18.3,0.907,95.721,34.305,43.0,18.2,0.919
94.813,33.318,41.9,19.1,0.871,94.995,33.517,42.3,18.8,0.884,95.177,33.715,42.6,18.5,0.89,95.357,33.911,42.6,18.5,0.898,95.54,34.109,42.8,18.3,0.907,95.721,34.305,43.0,18.2,0.919,95.905,34.503,43.4,17.9,0.93
94.995,33.517,42.3,18.8,0.884,95.177,33.715,42.6,18.5,0.89,95.357,33.911,42.6,18.5,0.898,95.54,34.109,42.8,18.3,0.907,95.721,34.305,43.0,18.2,0.919,95.905,34.503,43.4,17.9,0.93,96.09,34.701,43.5,17.8,0.939
95.177,33.715,42.6,18.5,0.89,95.357,33.911,42.6,18.5,0.898,95.54,34.109,42.8,18.3,0.907,95.721,34.305,43.0,18.2,0.919,95.905,34.503,43.4,17.9,0.93,96.09,34.701,43.5,17.8,0.939,96.279,34.903,43.7,17.4,0.949
95.357,33.911,42.6,18.5,0.898,95.54,34.109,42.8,18.3,0.907,95.721,34.305,43.0,18.2,0.919,95.905,34.503,43.4,17.9,0.93,96.09,34.701,43.5,17.8,0.939,96.279,34.903,43.7,17.4,0.949,96.462,35.098,43.5,17.7,0.958
95.54,34.109,42.8,18.3,0.907,95.721,34.305,43.0,18.2,0.919,95.905,34.503,43.4,17.9,0.93,96.09,34.701,43.5,17.8,0.939,96.279,34.903,43.7,17.4,0.949,96.462,35.098,43.5,17.7,0.958,96.648,35.296,43.7,17.5,0.964
95.721,34.305,43.0,18.2,0.919,95.905,34.503,43.4,17.9,0.93,96.09,34.701,43.5,17.8,0.939,96.279,34.903,43.7,17.4,0.949,96.462,35.098,43.5,17.7,0.958,96.648,35.296,43.7,17.5,0.964,96.836,35.494,44.1,17.3,0.973
95.905,34.503,43.4,17.9,0.93,96.09,34.701,43.5,17.8,0.939,96.279,34.903,43.7,17.4,0.949,96.462,35.098,43.5,17.7,0.958,96.648,35.296,43.7,17.5,0.964,96.836,35.494,44.1,17.3,0.973,97.02,35.689,44.5,16.9,0.984
96.09,34.701,43.5,17.8,0.939,96.279,34.903,43.7,17.4,0.949,96.462,35.098,43.5,17.7,0.958,96.648,35.296,43.7,17.5,0.964,96.836,35.494,44.1,17.3,0.973,97.02,35.689,44.5,16.9,0.984,97.209,35.887,44.9,16.5,0.994
96.279,34.903,43.7,17.4,0.949,96.462,35.098,43.5,17.7,0.958,96.648,35.296,43.7,17.5,0.964,96.836,35.494,44.1,17.3,0.973,97.02,35.689,44.5,16.9,0.984,97.209,35.887,44.9,16.5,0.994,97.398,36.085,44.9,16.5,1.004
96.462,35.098,43.5,17.7,0.958,96.648,35.296,43.7,17.5,0.964,96.836,35.494,44.1,17.3,0.973,97.02,35.689,44.5,16.9,0.984,97.209,35.887,44.9,16.5,0.994,97.398,36.085,44.9,16.5,1.004,97.584,36.28,45.0,16.4,1.011
96.648,35.296,43.7,17.5,0.964,96.836,35.494,44.1,17.3,0.973,97.02,35.689,44.5,16.9,0.984,97.209,35.887,44.9,16.5,0.994,97.398,36.085,44.9,16.5,1.004,97.584,36.28,45.0,16.4,1.011,97.774,36.477,45.3,16.2,1.016
96.836,35.494,44.1,17.3,0.973,97.02,35.689,44.5,16.9,0.984,97.209,35.887,44.9,16.5,0.994,97.398,36.085,44.9,16.5,1.004,97.584,36.28,45.0,16.4,1.011,97.774,36.477,45.3,16.2,1.016,97.965,36.675,45.6,16.1,1.026
97.02,35.689,44.5,16.9,0.984,97.209,35.887,44.9,16.5,0.994,97.398,36.085,44.9,16.5,1.004,97.584,36.28,45.0,16.4,1.011,97.774,36.477,45.3,16.2,1.016,97.965,36.675,45.6,16.1,1.026,98.153,36.869,45.8,15.9,1.034
97.209,35.887,44.9,16.5,0.994,97.398,36.085,44.9,16.5,1.004,97.584,36.28,45.0,16.4,1.011,97.774,36.477,45.3,16.2,1.016,97.965,36.675,45.6,16.1,1.026,98.153,36.869,45.8,15.9,1.034,98.345,37.067,46.0,15.7,1.041
97.398,36.085,44.9,16.5,1.004,97.584,36.28,45.0,16.4,1.011,97.774,36.477,45.3,16.2,1.016,97.965,36.675,45.6,16.1,1.026,98.153,36.869,45.8,15.9,1.034,98.345,37.067,46.0,15.7,1.041,98.535,37.261,46.0,15.9,1.049
97.584,36.28,45.0,16.4,1.011,97.774,36.477,45.3,16.2,1.016,97.965,36.675,45.6,16.1,1.026,98.153,36.869,45.8,15.9,1.034,98.345,37.067,46.0,15.7,1.041,98.535,37.261,46.0,15.9,1.049,98.728,37.458,45.9,15.8,1.063
97.774,36.477,45.3,16.2,1.016,97.965,36.675,45.6,16.1,1.026,98.153,36.869,45.8,15.9,1.034,98.345,37.067,46.0,15.7,1.041,98.535,37.261,46.0,15.9,1.049,98.728,37.458,45.9,15.8,1.063,98.926,37.658,45.2,16.4,1.073
97.965,36.675,45.6,16.1,1.026,98.153,36.869,45.8,15.9,1.034,98.345,37.067,46.0,15.7,1.041,98.535,37.261,46.0,15.9,1.049,98.728,37.458,45.9,15.8,1.063,98.926,37.658,45.2,16.4,1.073,99.117,37.852,45.7,16.1,1.075
98.153,36.869,45.8,15.9,1.034,98.345,37.067,46.0,15.7,1.041,98.535,37.261,46.0,15.9,1.049,98.728,37.458,45.9,15.8,1.063,98.926,37.658,45.2,16.4,1.073,99.117,37.852,45.7,16.1,1.075,99.313,38.049,46.2,15.8,1.075
98.345,37.067,46.0,15.7,1.041,98.535,37.261,46.0,15.9,1.049,98.728,37.458,45.9,15.8,1.063,98.926,37.658,45.2,16.4,1.073,99.117,37.852,45.7,16.1,1.075,99.313,38.049,46.2,15.8,1.075,99.509,38.246,46.7,15.3,1.07
98.535,37.261,46.0,15.9,1.049,98.728,37.458,45.9,15.8,1.063,98.926,37.658,45.2,16.4,1.073,99.117,37.852,45.7,16.1,1.075,99.313,38.049,46.2,15.8,1.075,99.509,38.246,46.7,15.3,1.07,99.703,38.44,47.1,15.0,1.057
98.728,37.458,45.9,15.8,1.063,98.926,37.658,45.2,16.4,1.073,99.117,37.852,45.7,16.1,1.075,99.313,38.049,46.2,15.8,1.075,99.509,38.246,46.7,15.3,1.07,99.703,38.44,47.1,15.0,1.057,99.906,38.642,47.4,14.8,1.054
98.926,37.658,45.2,16.4,1.073,99.117,37.852,45.7,16.1,1.075,99.313,38.049,46.2,15.8,1.075,99.509,38.246,46.7,15.3,1.07,99.703,38.44,47.1,15.0,1.057,99.906,38.642,47.4,14.8,1.054,100.102,38.836,47.6,14.7,1.052
99.117,37.852,45.7,16.1,1.075,99.313,38.049,46.2,15.8,1.075,99.509,38.246,46.7,15.3,1.07,99.703,38.44,47.1,15.0,1.057,99.906,38.642,47.4,14.8,1.054,100.102,38.836,47.6,14.7,1.052,100.298,39.029,47.8,14.5,1.058
99.313,38.049,46.2,15.8,1.075,99.509,38.246,46.7,15.3,1.07,99.703,38.44,47.1,15.0,1.057,99.906,38.642,47.4,14.8,1.054,100.102,38.836,47.6,14.7,1.052,100.298,39.029,47.8,14.5,1.058,100.497,39.225,47.3,14.8,1.04
99.509,38.246,46.7,15.3,1.07,99.703,38.44,47.1,15.0,1.057,99.906,38.642,47.4,14.8,1.054,100.102,38.836,47.6,14.7,1.052,100.298,39.029,47.8,14.5,1.058,100.497,39.225,47.3,14.8,1.04,100.701,39.425,47.5,14.8,1.055
99.703,38.44,47.1,15.0,1.057,99.906,38.642,47.4,14.8,1.054,100.102,38.836,47.6,14.7,1.052,100.298,39.029,47.8,14.5,1.058,100.497,39.225,47.3,14.8,1.04,100.701,39.425,47.5,14.8,1.055,100.899,39.617,47.5,14.7,1.052
99.906,38.642,47.4,14.8,1.054,100.102,38.836,47.6,14.7,1.052,100.298,39.029,47.8,14.5,1.058,100.497,39.225,47.3,14.8,1.04,100.701,39.425,47.5,14.8,1.055,100.899,39.617,47.5,14.7,1.052,101.101,39.813,47.8,14.4,1.047
100.102,38.836,47.6,14.7,1.052,100.298,39.029,47.8,14.5,1.058,100.497,39.225,47.3,14.8,1.04,100.701,39.425,47.5,14.8,1.055,100.899,39.617,47.5,14.7,1.052,101.101,39.813,47.8,14.4,1.047,101.304,40.009,47.9,14.5,1.057
100.298,39.029,47.8,14.5,1.058,100.497,39.225,47.3,14.8,1.04,100.701,39.425,47.5,14.8,1.055,100.899,39.617,47.5,14.7,1.052,101.101,39.813,47.8,14.4,1.047,101.304,40.009,47.9,14.5,1.057,101.505,40.201,47.5,14.7,1.073
100.497,39.225,47.3,14.8,1.04,100.701,39.425,47.5,14.8,1.055,100.899,39.617,47.5,14.7,1.052,101.101,39.813,47.8,14.4,1.047,101.304,40.009,47.9,14.5,1.057,101.505,40.201,47.5,14.7,1.073,101.71,40.397,47.1,15.0,1.079
100.701,39.425,47.5,14.8,1.055,100.899,39.617,47.5,14.7,1.052,101.101,39.813,47.8,14.4,1.047,101.304,40.009,47.9,14.5,1.057,101.505,40.201,47.5,14.7,1.073,101.71,40.397,47.1,15.0,1.079,101.912,40.589,47.1,15.0,1.07
100.899,39.617,47.5,14.7,1.052,101.101,39.813,47.8,14.4,1.047,101.304,40.009,47.9,14.5,1.057,101.505,40.201,47.5,14.7,1.073,101.71,40.397,47.1,15.0,1.079,101.912,40.589,47.1,15.0,1.07,102.118,40.784,47.1,14.8,1.078
101.101,39.813,47.8,14.4,1.047,101.304,40.009,47.9,14.5,1.057,101.505,40.201,47.5,14.7,1.073,101.71,40.397,47.1,15.0,1.079,101.912,40.589,47.1,15.0,1.07,102.118,40.784,47.1,14.8,1.078,102.328,40.982,47.2,14.7,1.087
101.304,40.009,47.9,14.5,1.057,101.505,40.201,47.5,14.7,1.073,101.71,40.397,47.1,15.0,1.079,101.912,40.589,47.1,15.0,1.07,102.118,40.784,47.1,14.8,1.078,102.328,40.982,47.2,14.7,1.087,102.533,41.174,47.6,14.5,1.086
101.505,40.201,47.5,14.7,1.073,101.71,40.397,47.1,15.0,1.079,101.912,40.589,47.1,15.0,1.07,102.118,40.784,47.1,14.8,1.078,102.328,40.982,47.2,14.7,1.087,102.533,41.174,47.6,14.5,1.086,102.752,41.378,48.1,14.1,1.091
101.71,40.397,47.1,15.0,1.079,101.912,40.589,47.1,15.0,1.07,102.118,40.784,47.1,14.8,1.078,102.328,40.982,47.2,14.7,1.087,102.533,41.174,47.6,14.5,1.086,102.752,41.378,48.1,14.1,1.091,102.952,41.563,48.0,13.8,1.101
101.912,40.589,47.1,15.0,1.07,102.118,40.784,47.1,14.8,1.078,102.328,40.982,47.2,14.7,1.087,102.533,41.174,47.6,14.5,1.086,102.752,41.378,48.1,14.1,1.091,102.952,41.563,48.0,13.8,1.101,103.162,41.758,47.6,14.4,1.118
102.118,40.784,47.1,14.8,1.078,102.328,40.982,47.2,14.7,1.087,102.533,41.174,47.6,14.5,1.086,102.752,41.378,48.1,14.1,1.091,102.952,41.563,48.0,13.8,1.101,103.162,41.758,47.6,14.4,1.118,103.374,41.952,47.0,14.6,1.128
102.328,40.982,47.2,14.7,1.087,102.533,41.174,47.6,14.5,1.086,102.752,41.378,48.1,14.1,1.091,102.952,41.563,48.0,13.8,1.101,103.162,41.758,47.6,14.4,1.118,103.374,41.952,47.0,14.6,1.128,103.59,42.149,47.3,14.5,1.143
102.533,41.174,47.6,14.5,1.086,102.752,41.378,48.1,14.1,1.091,102.952,41.563,48.0,13.8,1.101,103.162,41.758,47.6,14.4,1.118,103.374,41.952,47.0,14.6,1.128,103.59,42.149,47.3,14.5,1.143,103.793,42.333,47.9,14.1,1.154
102.752,41.378,48.1,14.1,1.091,102.952,41.563,48.0,13.8,1.101,103.162,41.758,47.6,14.4,1.118,103.374,41.952,47.0,14.6,1.128,103.59,42.149,47.3,14.5,1.143,103.793,42.333,47.9,14.1,1.154,104.007,42.527,48.7,13.7,1.168
102.952,41.563,48.0,13.8,1.101,103.162,41.758,47.6,14.4,1.118,103.374,41.952,47.0,14.6,1.128,103.59,42.149,47.3,14.5,1.143,103.793,42.333,47.9,14.1,1.154,104.007,42.527,48.7,13.7,1.168,104.226,42.724,48.8,13.5,1.19
103.162,41.758,47.6,14.4,1.118,103.374,41.952,47.0,14.6,1.128,103.59,42.149,47.3,14.5,1.143,103.793,42.333,47.9,14.1,1.154,104.007,42.527,48.7,13.7,1.168,104.226,42.724,48.8,13.5,1.19,104.439,42.914,48.4,13.8,1.188
103.374,41.952,47.0,14.6,1.128,103.59,42.149,47.3,14.5,1.143,103.793,42.333,47.9,14.1,1.154,104.007,42.527,48.7,13.7,1.168,104.226,42.724,48.8,13.5,1.19,104.439,42.914,48.4,13.8,1.188,104.656,43.107,48.7,13.5,1.215
103.59,42.149,47.3,14.5,1.143,103.793,42.333,47.9,14.1,1.154,104.007,42.527,48.7,13.7,1.168,104.226,42.724,48.8,13.5,1.19,104.439,42.914,48.4,13.8,1.188,104.656,43.107,48.7,13.5,1.215,104.875,43.3,47.8,14.0,1.23
103.793,42.333,47.9,14.1,1.154,104.007,42.527,48.7,13.7,1.168,104.226,42.724,48.8,13.5,1.19,104.439,42.914,48.4,13.8,1.188,104.656,43.107,48.7,13.5,1.215,104.875,43.3,47.8,14.0,1.23,105.09,43.49,48.1,13.8,1.231
104.007,42.527,48.7,13.7,1.168,104.226,42.724,48.8,13.5,1.19,104.439,42.914,48.4,13.8,1.188,104.656,43.107,48.7,13.5,1.215,104.875,43.3,47.8,14.0,1.23,105.09,43.49,48.1,13.8,1.231,105.314,43.685,49.0,13.3,1.235
104.226,42.724,48.8,13.5,1.19,104.439,42.914,48.4,13.8,1.188,104.656,43.107,48.7,13.5,1.215,104.875,43.3,47.8,14.0,1.23,105.09,43.49,48.1,13.8,1.231,105.314,43.685,49.0,13.3,1.235,105.532,43.875,49.2,13.1,1.21
104.439,42.914,48.4,13.8,1.188,104.656,43.107,48.7,13.5,1.215,104.875,43.3,47.8,14.0,1.23,105.09,43.49,48.1,13.8,1.231,105.314,43.685,49.0,13.3,1.235,105.532,43.875,49.2,13.1,1.21,105.755,44.067,50.1,12.5,1.215
104.656,43.107,48.7,13.5,1.215,104.875,43.3,47.8,14.0,1.23,105.09,43.49,48.1,13.8,1.231,105.314,43.685,49.0,13.3,1.235,105.532,43.875,49.2,13.1,1.21,105.755,44.067,50.1,12.5,1.215,105.975,44.256,49.7,12.5,1.214
104.875,43.3,47.8,14.0,1.23,105.09,43.49,48.1,13.8,1.231,105.314,43.685,49.0,13.3,1.235,105.532,43.875,49.2,13.1,1.21,105.755,44.067,50.1,12.5,1.215,105.975,44.256,49.7,12.5,1.214,106.203,44.45,50.7,12.1,1.213
105.09,43.49,48.1,13.8,1.231,105.314,43.685,49.0,13.3,1.235,105.532,43.875,49.2,13.1,1.21,105.755,44.067,50.1,12.5,1.215,105.975,44.256,49.7,12.5,1.214,106.203,44.45,50.7,12.1,1.213,106.428,44.642,51.4,11.7,1.245
105.314,43.685,49.0,13.3,1.235,105.532,43.875,49.2,13.1,1.21,105.755,44.067,50.1,12.5,1.215,105.975,44.256,49.7,12.5,1.214,106.203,44.45,50.7,12.1,1.213,106.428,44.642,51.4,11.7,1.245,106.655,44.833,51.8,11.4,1.269
105.532,43.875,49.2,13.1,1.21,105.755,44.067,50.1,12.5,1.215,105.975,44.256,49.7,12.5,1.214,106.203,44.45,50.7,12.1,1.213,106.428,44.642,51.4,11.7,1.245,106.655,44.833,51.8,11.4,1.269,106.883,45.024,51.3,11.6,1.268
105.755,44.067,50.1,12.5,1.215,105.975,44.256,49.7,12.5,1.214,106.203,44.45,50.7,12.1,1.213,106.428,44.642,51.4,11.7,1.245,106.655,44.833,51.8,11.4,1.269,106.883,45.024,51.3,11.6,1.268,107.109,45.212,51.7,11.5,1.276
105.975,44.256,49.7,12.5,1.214,106.203,44.45,50.7,12.1,1.213,106.428,44.642,51.4,11.7,1.245,106.655,44.833,51.8,11.4,1.269,106.883,45.024,51.3,11.6,1.268,107.109,45.212,51.7,11.5,1.276,107.339,45.402,51.8,11.4,1.27
106.203,44.45,50.7,12.1,1.213,106.428,44.642,51.4,11.7,1.245,106.655,44.833,51.8,11.4,1.269,106.883,45.024,51.3,11.6,1.268,107.109,45.212,51.7,11.5,1.276,107.339,45.402,51.8,11.4,1.27,107.567,45.59,51.8,11.3,1.268
106.428,44.642,51.4,11.7,1.245,106.655,44.833,51.8,11.4,1.269,106.883,45.024,51.3,11.6,1.268,107.109,45.212,51.7,11.5,1.276,107.339,45.402,51.8,11.4,1.27,107.567,45.59,51.8,11.3,1.268,107.803,45.783,52.0,11.2,1.295
106.655,44.833,51.8,11.4,1.269,106.883,45.024,51.3,11.6,1.268,107.109,45.212,51.7,11.5,1.276,107.339,45.402,51.8,11.4,1.27,107.567,45.59,51.8,11.3,1.268,107.803,45.783,52.0,11.2,1.295,108.033,45.97,52.3,11.0,1.31
106.883,45.024,51.3,11.6,1.268,107.109,45.212,51.7,11.5,1.276,107.339,45.402,51.8,11.4,1.27,107.567,45.59,51.8,11.3,1.268,107.803,45.783,52.0,11.2,1.295,108.033,45.97,52.3,11.0,1.31,108.268,46.159,52.1,11.2,1.355
107.109,45.212,51.7,11.5,1.276,107.339,45.402,51.8,11.4,1.27,107.567,45.59,51.8,11.3,1.268,107.803,45.783,52.0,11.2,1.295,108.033,45.97,52.3,11.0,1.31,108.268,46.159,52.1,11.2,1.355,108.512,46.355,52.7,10.8,1.355
107.339,45.402,51.8,11.4,1.27,107.567,45.59,51.8,11.3,1.268,107.803,45.783,52.0,11.2,1.295,108.033,45.97,52.3,11.0,1.31,108.268,46.159,52.1,11.2,1.355,108.512,46.355,52.7,10.8,1.355,108.739,46.535,53.2,10.6,1.331
107.567,45.59,51.8,11.3,1.268,107.803,45.783,52.0,11.2,1.295,108.033,45.97,52.3,11.0,1.31,108.268,46.159,52.1,11.2,1.355,108.512,46.355,52.7,10.8,1.355,108.739,46.535,53.2,10.6,1.331,108.977,46.724,53.5,10.4,1.302
107.803,45.783,52.0,11.2,1.295,108.033,45.97,52.3,11.0,1.31,108.268,46.159,52.1,11.2,1.355,108.512,46.355,52.7,10.8,1.355,108.739,46.535,53.2,10.6,1.331,108.977,46.724,53.5,10.4,1.302,109.221,46.915,53.7,10.2,1.288
108.033,45.97,52.3,11.0,1.31,108.268,46.159,52.1,11.2,1.355,108.512,46.355,52.7,10.8,1.355,108.739,46.535,53.2,10.6,1.331,108.977,46.724,53.5,10.4,1.302,109.221,46.915,53.7,10.2,1.288,109.459,47.1,54.0,10.1,1.283
108.268,46.159,52.1,11.2,1.355,108.512,46.355,52.7,10.8,1.355,108.739,46.535,53.2,10.6,1.331,108.977,46.724,53.5,10.4,1.302,109.221,46.915,53.7,10.2,1.288,109.459,47.1,54.0,10.1,1.283,109.702,47.288,54.3,9.9,1.298
108.512,46.355,52.7,10.8,1.355,108.739,46.535,53.2,10.6,1.331,108.977,46.724,53.5,10.4,1.302,109.221,46.915,53.7,10.2,1.288,109.459,47.1,54.0,10.1,1.283,109.702,47.288,54.3,9.9,1.298,109.946,47.476,54.5,9.8,1.325
108.739,46.535,53.2,10.6,1.331,108.977,46.724,53.5,10.4,1.302,109.221,46.915,53.7,10.2,1.288,109.459,47.1,54.0,10.1,1.283,109.702,47.288,54.3,9.9,1.298,109.946,47.476,54.5,9.8,1.325,110.187,47.661,54.6,9.8,1.337
108.977,46.724,53.5,10.4,1.302,109.221,46.915,53.7,10.2,1.288,109.459,47.1,54.0,10.1,1.283,109.702,47.288,54.3,9.9,1.298,109.946,47.476,54.5,9.8,1.325,110.187,47.661,54.6,9.8,1.337,110.438,47.851,54.8,9.7,1.348
109.221,46.915,53.7,10.2,1.288,109.459,47.1,54.0,10.1,1.283,109.702,47.288,54.3,9.9,1.298,109.946,47.476,54.5,9.8,1.325,110.187,47.661,54.6,9.8,1.337,110.438,47.851,54.8,9.7,1.348,110.687,48.037,55.2,9.5,1.379
109.459,47.1,54.0,10.1,1.283,109.702,47.288,54.3,9.9,1.298,109.946,47.476,54.5,9.8,1.325,110.187,47.661,54.6,9.8,1.337,110.438,47.851,54.8,9.7,1.348,110.687,48.037,55.2,9.5,1.379,110.936,48.224,55.1,9.6,1.404
109.702,47.288,54.3,9.9,1.298,109.946,47.476,54.5,9.8,1.325,110.187,47.661,54.6,9.8,1.337,110.438,47.851,54.8,9.7,1.348,110.687,48.037,55.2,9.5,1.379,110.936,48.224,55.1,9.6,1.404,111.183,48.407,55.2,9.4,1.36
109.946,47.476,54.5,9.8,1.325,110.187,47.661,54.6,9.8,1.337,110.438,47.851,54.8,9.7,1.348,110.687,48.037,55.2,9.5,1.379,110.936,48.224,55.1,9.6,1.404,111.183,48.407,55.2,9.4,1.36,111.44,48.596,55.5,9.4,1.364
110.187,47.661,54.6,9.8,1.337,110.438,47.851,54.8,9.7,1.348,110.687,48.037,55.2,9.5,1.379,110.936,48.224,55.1,9.6,1.404,111.183,48.407,55.2,9.4,1.36,111.44,48.596,55.5,9.4,1.364,111.69,48.779,55.6,9.3,1.34
110.438,47.851,54.8,9.7,1.348,110.687,48.037,55.2,9.5,1.379,110.936,48.224,55.1,9.6,1.404,111.183,48.407,55.2,9.4,1.36,111.44,48.596,55.5,9.4,1.364,111.69,48.779,55.6,9.3,1.34,111.949,48.967,56.0,9.0,1.3
110.687,48.037,55.2,9.5,1.379,110.936,48.224,55.1,9.6,1.404,111.183,48.407,55.2,9.4,1.36,111.44,48.596,55.5,9.4,1.364,111.69,48.779,55.6,9.3,1.34,111.949,48.967,56.0,9.0,1.3,112.202,49.149,56.4,8.9,1.292
110.936,48.224,55.1,9.6,1.404,111.183,48.407,55.2,9.4,1.36,111.44,48.596,55.5,9.4,1.364,111.69,48.779,55.6,9.3,1.34,111.949,48.967,56.0,9.0,1.3,112.202,49.149,56.4,8.9,1.292,112.461,49.333,56.6,8.8,1.253
111.183,48.407,55.2,9.4,1.36,111.44,48.596,55.5,9.4,1.364,111.69,48.779,55.6,9.3,1.34,111.949,48.967,56.0,9.0,1.3,112.202,49.149,56.4,8.9,1.292,112.461,49.333,56.6,8.8,1.253,112.721,49.518,56.7,8.8,1.253
111.44,48.596,55.5,9.4,1.364,111.69,48.779,55.6,9.3,1.34,111.949,48.967,56.0,9.0,1.3,112.202,49.149,56.4,8.9,1.292,112.461,49.333,56.6,8.8,1.253,112.721,49.518,56.7,8.8,1.253,112.979,49.699,56.8,8.6,1.27
111.69,48.779,55.6,9.3,1.34,111.949,48.967,56.0,9.0,1.3,112.202,49.149,56.4,8.9,1.292,112.461,49.333,56.6,8.8,1.253,112.721,49.518,56.7,8.8,1.253,112.979,49.699,56.8,8.6,1.27,113.242,49.882,57.1,8.5,1.259
111.949,48.967,56.0,9.0,1.3,112.202,49.149,56.4,8.9,1.292,112.461,49.333,56.6,8.8,1.253,112.721,49.518,56.7,8.8,1.253,112.979,49.699,56.8,8.6,1.27,113.242,49.882,57.1,8.5,1.259,113.502,50.062,57.3,8.5,1.288
112.202,49.149,56.4,8.9,1.292,112.461,49.333,56.6,8.8,1.253,112.721,49.518,56.7,8.8,1.253,112.979,49.699,56.8,8.6,1.27,113.242,49.882,57.1,8.5,1.259,113.502,50.062,57.3,8.5,1.288,113.765,50.242,57.3,8.3,1.303
112.461,49.333,56.6,8.8,1.253,112.721,49.518,56.7,8.8,1.253,112.979,49.699,56.8,8.6,1.27,113.242,49.882,57.1,8.5,1.259,113.502,50.062,57.3,8.5,1.288,113.765,50.242,57.3,8.3,1.303,114.037,50.428,56.7,8.6,1.306
112.721,49.518,56.7,8.8,1.253,112.979,49.699,56.8,8.6,1.27,113.242,49.882,57.1,8.5,1.259,113.502,50.062,57.3,8.5,1.288,113.765,50.242,57.3,8.3,1.303,114.037,50.428,56.7,8.6,1.306,114.303,50.607,57.0,8.5,1.318
112.979,49.699,56.8,8.6,1.27,113.242,49.882,57.1,8.5,1.259,113.502,50.062,57.3,8.5,1.288,113.765,50.242,57.3,8.3,1.303,114.037,50.428,56.7,8.6,1.306,114.303,50.607,57.0,8.5,1.318,114.578,50.791,57.2,8.4,1.329
113.242,49.882,57.1,8.5,1.259,113.502,50.062,57.3,8.5,1.288,113.765,50.242,57.3,8.3,1.303,114.037,50.428,56.7,8.6,1.306,114.303,50.607,57.0,8.5,1.318,114.578,50.791,57.2,8.4,1.329,114.847,50.97,57.5,8.1,1.351
113.502,50.062,57.3,8.5,1.288,113.765,50.242,57.3,8.3,1.303,114.037,50.428,56.7,8.6,1.306,114.303,50.607,57.0,8.5,1.318,114.578,50.791,57.2,8.4,1.329,114.847,50.97,57.5,8.1,1.351,115.122,51.15,57.4,8.3,1.369
113.765,50.242,57.3,8.3,1.303,114.037,50.428,56.7,8.6,1.306,114.303,50.607,57.0,8.5,1.318,114.578,50.791,57.2,8.4,1.329,114.847,50.97,57.5,8.1,1.351,115.122,51.15,57.4,8.3,1.369,115.394,51.328,56.4,8.6,1.362
114.037,50.428,56.7,8.6,1.306,114.303,50.607,57.0,8.5,1.318,114.578,50.791,57.2,8.4,1.329,114.847,50.97,57.5,8.1,1.351,115.122,51.15,57.4,8.3,1.369,115.394,51.328,56.4,8.6,1.362,115.673,51.508,56.4,8.7,1.373
114.303,50.607,57.0,8.5,1.318,114.578,50.791,57.2,8.4,1.329,114.847,50.97,57.5,8.1,1.351,115.122,51.15,57.4,8.3,1.369,115.394,51.328,56.4,8.6,1.362,115.673,51.508,56.4,8.7,1.373,115.953,51.688,56.4,8.7,1.382
114.578,50.791,57.2,8.4,1.329,114.847,50.97,57.5,8.1,1.351,115.122,51.15,57.4,8.3,1.369,115.394,51.328,56.4,8.6,1.362,115.673,51.508,56.4,8.7,1.373,115.953,51.688,56.4,8.7,1.382,116.231,51.864,56.3,8.7,1.392
114.847,50.97,57.5,8.1,1.351,115.122,51.15,57.4,8.3,1.369,115.394,51.328,56.4,8.6,1.362,115.673,51.508,56.4,8.7,1.373,115.953,51.688,56.4,8.7,1.382,116.231,51.864,56.3,8.7,1.392,116.51,52.04,56.5,8.5,1.4
115.122,51.15,57.4,8.3,1.369,115.394,51.328,56.4,8.6,1.362,115.673,51.508,56.4,8.7,1.373,115.953,51.688,56.4,8.7,1.382,116.231,51.864,56.3,8.7,1.392,116.51,52.04,56.5,8.5,1.4,116.8,52.221,56.6,8.6,1.402
115.394,51.328,56.4,8.6,1.362,115.673,51.508,56.4,8.7,1.373,115.953,51.688,56.4,8.7,1.382,116.231,51.864,56.3,8.7,1.392,116.51,52.04,56.5,8.5,1.4,116.8,52.221,56.6,8.6,1.402,117.083,52.396,57.0,8.3,1.406
115.673,51.508,56.4,8.7,1.373,115.953,51.688,56.4,8.7,1.382,116.231,51.864,56.3,8.7,1.392,116.51,52.04,56.5,8.5,1.4,116.8,52.221,56.6,8.6,1.402,117.083,52.396,57.0,8.3,1.406,117.368,52.571,56.8,8.4,1.413
115.953,51.688,56.4,8.7,1.382,116.231,51.864,56.3,8.7,1.392,116.51,52.04,56.5,8.5,1.4,116.8,52.221,56.6,8.6,1.402,117.083,52.396,57.0,8.3,1.406,117.368,52.571,56.8,8.4,1.413,117.66,52.748,57.4,8.3,1.423
116.231,51.864,56.3,8.7,1.392,116.51,52.04,56.5,8.5,1.4,116.8,52.221,56.6,8.6,1.402,117.083,52.396,57.0,8.3,1.406,117.368,52.571,56.8,8.4,1.413,117.66,52.748,57.4,8.3,1.423,117.953,52.924,57.8,8.1,1.429
116.51,52.04,56.5,8.5,1.4,116.8,52.221,56.6,8.6,1.402,117.083,52.396,57.0,8.3,1.406,117.368,52.571,56.8,8.4,1.413,117.66,52.748,57.4,8.3,1.423,117.953,52.924,57.8,8.1,1.429,118.248,53.1,58.0,8.0,1.44
116.8,52.221,56.6,8.6,1.402,117.083,52.396,57.0,8.3,1.406,117.368,52.571,56.8,8.4,1.413,117.66,52.748,57.4,8.3,1.423,117.953,52.924,57.8,8.1,1.429,118.248,53.1,58.0,8.0,1.44,118.551,53.279,58.2,8.0,1.451
117.083,52.396,57.0,8.3,1.406,117.368,52.571,56.8,8.4,1.413,117.66,52.748,57.4,8.3,1.423,117.953,52.924,57.8,8.1,1.429,118.248,53.1,58.0,8.0,1.44,118.551,53.279,58.2,8.0,1.451,118.841,53.448,58.8,7.8,1.465
117.368,52.571,56.8,8.4,1.413,117.66,52.748,57.4,8.3,1.423,117.953,52.924,57.8,8.1,1.429,118.248,53.1,58.0,8.0,1.44,118.551,53.279,58.2,8.0,1.451,118.841,53.448,58.8,7.8,1.465,119.147,53.625,59.3,7.5,1.501
117.66,52.748,57.4,8.3,1.423,117.953,52.924,57.8,8.1,1.429,118.248,53.1,58.0,8.0,1.44,118.551,53.279,58.2,8.0,1.451,118.841,53.448,58.8,7.8,1.465,119.147,53.625,59.3,7.5,1.501,119.451,53.799,59.7,7.4,1.516
117.953,52.924,57.8,8.1,1.429,118.248,53.1,58.0,8.0,1.44,118.551,53.279,58.2,8.0,1.451,118.841,53.448,58.8,7.8,1.465,119.147,53.625,59.3,7.5,1.501,119.451,53.799,59.7,7.4,1.516,119.751,53.97,60.1,7.4,1.466
118.248,53.1,58.0,8.0,1.44,118.551,53.279,58.2,8.0,1.451,118.841,53.448,58.8,7.8,1.465,119.147,53.625,59.3,7.5,1.501,119.451,53.799,59.7,7.4,1.516,119.751,53.97,60.1,7.4,1.466,120.059,54.143,60.6,7.0,1.433
118.551,53.279,58.2,8.0,1.451,118.841,53.448,58.8,7.8,1.465,119.147,53.625,59.3,7.5,1.501,119.451,53.799,59.7,7.4,1.516,119.751,53.97,60.1,7.4,1.466,120.059,54.143,60.6,7.0,1.433,120.374,54.318,60.7,7.0,1.402
118.841,53.448,58.8,7.8,1.465,119.147,53.625,59.3,7.5,1.501,119.451,53.799,59.7,7.4,1.516,119.751,53.97,60.1,7.4,1.466,120.059,54.143,60.6,7.0,1.433,120.374,54.318,60.7,7.0,1.402,120.682,54.487,60.7,7.0,1.43
119.147,53.625,59.3,7.5,1.501,119.451,53.799,59.7,7.4,1.516,119.751,53.97,60.1,7.4,1.466,120.059,54.143,60.6,7.0,1.433,120.374,54.318,60.7,7.0,1.402,120.682,54.487,60.7,7.0,1.43,120.996,54.659,60.3,6.8,1.439
119.451,53.799,59.7,7.4,1.516,119.751,53.97,60.1,7.4,1.466,120.059,54.143,60.6,7.0,1.433,120.374,54.318,60.7,7.0,1.402,120.682,54.487,60.7,7.0,1.43,120.996,54.659,60.3,6.8,1.439,121.318,54.832,60.2,7.0,1.434
119.751,53.97,60.1,7.4,1.466,120.059,54.143,60.6,7.0,1.433,120.374,54.318,60.7,7.0,1.402,120.682,54.487,60.7,7.0,1.43,120.996,54.659,60.3,6.8,1.439,121.318,54.832,60.2,7.0,1.434,121.632,55.0,60.3,6.8,1.432
120.059,54.143,60.6,7.0,1.433,120.374,54.318,60.7,7.0,1.402,120.682,54.487,60.7,7.0,1.43,120.996,54.659,60.3,6.8,1.439,121.318,54.832,60.2,7.0,1.434,121.632,55.0,60.3,6.8,1.432,121.953,55.169,60.6,6.8,1.447
120.374,54.318,60.7,7.0,1.402,120.682,54.487,60.7,7.0,1.43,120.996,54.659,60.3,6.8,1.439,121.318,54.832,60.2,7.0,1.434,121.632,55.0,60.3,6.8,1.432,121.953,55.169,60.6,6.8,1.447,122.276,55.338,60.8,6.5,1.446
120.682,54.487,60.7,7.0,1.43,120.996,54.659,60.3,6.8,1.439,121.318,54.832,60.2,7.0,1.434,121.632,55.0,60.3,6.8,1.432,121.953,55.169,60.6,6.8,1.447,122.276,55.338,60.8,6.5,1.446,122.602,55.506,60.7,6.5,1.442
120.996,54.659,60.3,6.8,1.439,121.318,54.832,60.2,7.0,1.434,121.632,55.0,60.3,6.8,1.432,121.953,55.169,60.6,6.8,1.447,122.276,55.338,60.8,6.5,1.446,122.602,55.506,60.7,6.5,1.442,122.926,55.672,60.5,6.6,1.433
121.318,54.832,60.2,7.0,1.434,121.632,55.0,60.3,6.8,1.432,121.953,55.169,60.6,6.8,1.447,122.276,55.338,60.8,6.5,1.446,122.602,55.506,60.7,6.5,1.442,122.926,55.672,60.5,6.6,1.433,123.251,55.836,60.3,6.8,1.447
121.632,55.0,60.3,6.8,1.432,121.953,55.169,60.6,6.8,1.447,122.276,55.338,60.8,6.5,1.446,122.602,55.506,60.7,6.5,1.442,122.926,55.672,60.5,6.6,1.433,123.251,55.836,60.3,6.8,1.447,123.589,56.005,60.7,6.7,1.454
121.953,55.169,60.6,6.8,1.447,122.276,55.338,60.8,6.5,1.446,122.602,55.506,60.7,6.5,1.442,122.926,55.672,60.5,6.6,1.433,123.251,55.836,60.3,6.8,1.447,123.589,56.005,60.7,6.7,1.454,123.92,56.169,60.9,6.6,1.46
122.276,55.338,60.8,6.5,1.446,122.602,55.506,60.7,6.5,1.442,122.926,55.672,60.5,6.6,1.433,123.251,55.836,60.3,6.8,1.447,123.589,56.005,60.7,6.7,1.454,123.92,56.169,60.9,6.6,1.46,124.258,56.334,61.2,6.6,1.465
122.602,55.506,60.7,6.5,1.442,122.926,55.672,60.5,6.6,1.433,123.251,55.836,60.3,6.8,1.447,123.589,56.005,60.7,6.7,1.454,123.92,56.169,60.9,6.6,1.46,124.258,56.334,61.2,6.6,1.465,124.598,56.498,61.6,6.4,1.486
122.926,55.672,60.5,6.6,1.433,123.251,55.836,60.3,6.8,1.447,123.589,56.005,60.7,6.7,1.454,123.92,56.169,60.9,6.6,1.46,124.258,56.334,61.2,6.6,1.465,124.598,56.498,61.6,6.4,1.486,124.941,56.662,61.7,6.3,1.487
123.251,55.836,60.3,6.8,1.447,123.589,56.005,60.7,6.7,1.454,123.92,56.169,60.9,6.6,1.46,124.258,56.334,61.2,6.6,1.465,124.598,56.498,61.6,6.4,1.486,124.941,56.662,61.7,6.3,1.487,125.287,56.825,61.3,6.4,1.484
123.589,56.005,60.7,6.7,1.454,123.92,56.169,60.9,6.6,1.46,124.258,56.334,61.2,6.6,1.465,124.598,56.498,61.6,6.4,1.486,124.941,56.662,61.7,6.3,1.487,125.287,56.825,61.3,6.4,1.484,125.635,56.988,61.7,6.3,1.491
123.92,56.169,60.9,6.6,1.46,124.258,56.334,61.2,6.6,1.465,124.598,56.498,61.6,6.4,1.486,124.941,56.662,61.7,6.3,1.487,125.287,56.825,61.3,6.4,1.484,125.635,56.988,61.7,6.3,1.491,125.986,57.15,62.1,6.2,1.491
124.258,56.334,61.2,6.6,1.465,124.598,56.498,61.6,6.4,1.486,124.941,56.662,61.7,6.3,1.487,125.287,56.825,61.3,6.4,1.484,125.635,56.988,61.7,6.3,1.491,125.986,57.15,62.1,6.2,1.491,126.34,57.311,62.3,6.2,1.508
124.598,56.498,61.6,6.4,1.486,124.941,56.662,61.7,6.3,1.487,125.287,56.825,61.3,6.4,1.484,125.635,56.988,61.7,6.3,1.491,125.986,57.15,62.1,6.2,1.491,126.34,57.311,62.3,6.2,1.508,126.69,57.469,62.3,6.1,1.505
124.941,56.662,61.7,6.3,1.487,125.287,56.825,61.3,6.4,1.484,125.635,56.988,61.7,6.3,1.491,125.986,57.15,62.1,6.2,1.491,126.34,57.311,62.3,6.2,1.508,126.69,57.469,62.3,6.1,1.505,127.049,57.628,61.7,6.2,1.504
125.287,56.825,61.3,6.4,1.484,125.635,56.988,61.7,6.3,1.491,125.986,57.15,62.1,6.2,1.491,126.34,57.311,62.3,6.2,1.508,126.69,57.469,62.3,6.1,1.505,127.049,57.628,61.7,6.2,1.504,127.417,57.79,60.7,6.5,1.512
125.635,56.988,61.7,6.3,1.491,125.986,57.15,62.1,6.2,1.491,126.34,57.311,62.3,6.2,1.508,126.69,57.469,62.3,6.1,1.505,127.049,57.628,61.7,6.2,1.504,127.417,57.79,60.7,6.5,1.512,127.776,57.945,60.4,6.6,1.51
125.986,57.15,62.1,6.2,1.491,126.34,57.311,62.3,6.2,1.508,126.69,57.469,62.3,6.1,1.505,127.049,57.628,61.7,6.2,1.504,127.417,57.79,60.7,6.5,1.512,127.776,57.945,60.4,6.6,1.51,128.143,58.102,60.0,6.8,1.487
126.34,57.311,62.3,6.2,1.508,126.69,57.469,62.3,6.1,1.505,127.049,57.628,61.7,6.2,1.504,127.417,57.79,60.7,6.5,1.512,127.776,57.945,60.4,6.6,1.51,128.143,58.102,60.0,6.8,1.487,128.513,58.259,60.2,6.7,1.475
126.69,57.469,62.3,6.1,1.505,127.049,57.628,61.7,6.2,1.504,127.417,57.79,60.7,6.5,1.512,127.776,57.945,60.4,6.6,1.51,128.143,58.102,60.0,6.8,1.487,128.513,58.259,60.2,6.7,1.475,128.886,58.415,60.6,6.6,1.467
127.049,57.628,61.7,6.2,1.504,127.417,57.79,60.7,6.5,1.512,127.776,57.945,60.4,6.6,1.51,128.143,58.102,60.0,6.8,1.487,128.513,58.259,60.2,6.7,1.475,128.886,58.415,60.6,6.6,1.467,129.262,58.57,60.6,6.6,1.479
127.417,57.79,60.7,6.5,1.512,127.776,57.945,60.4,6.6,1.51,128.143,58.102,60.0,6.8,1.487,128.513,58.259,60.2,6.7,1.475,128.886,58.415,60.6,6.6,1.467,129.262,58.57,60.6,6.6,1.479,129.635,58.721,61.1,6.4,1.493
127.776,57.945,60.4,6.6,1.51,128.143,58.102,60.0,6.8,1.487,128.513,58.259,60.2,6.7,1.475,128.886,58.415,60.6,6.6,1.467,129.262,58.57,60.6,6.6,1.479,129.635,58.721,61.1,6.4,1.493,130.023,58.877,61.8,6.2,1.504
128.143,58.102,60.0,6.8,1.487,128.513,58.259,60.2,6.7,1.475,128.886,58.415,60.6,6.6,1.467,129.262,58.57,60.6,6.6,1.479,129.635,58.721,61.1,6.4,1.493,130.023,58.877,61.8,6.2,1.504,130.401,59.027,62.2,5.9,1.52
128.513,58.259,60.2,6.7,1.475,128.886,58.415,60.6,6.6,1.467,129.262,58.57,60.6,6.6,1.479,129.635,58.721,61.1,6.4,1.493,130.023,58.877,61.8,6.2,1.504,130.401,59.027,62.2,5.9,1.52,130.795,59.181,62.7,5.8,1.536
128.886,58.415,60.6,6.6,1.467,129.262,58.57,60.6,6.6,1.479,129.635,58.721,61.1,6.4,1.493,130.023,58.877,61.8,6.2,1.504,130.401,59.027,62.2,5.9,1.52,130.795,59.181,62.7,5.8,1.536,131.186,59.331,62.8,5.7,1.562
129.262,58.57,60.6,6.6,1.479,129.635,58.721,61.1,6.4,1.493,130.023,58.877,61.8,6.2,1.504,130.401,59.027,62.2,5.9,1.52,130.795,59.181,62.7,5.8,1.536,131.186,59.331,62.8,5.7,1.562,131.573,59.478,63.3,5.6,1.63
129.635,58.721,61.1,6.4,1.493,130.023,58.877,61.8,6.2,1.504,130.401,59.027,62.2,5.9,1.52,130.795,59.181,62.7,5.8,1.536,131.186,59.331,62.8,5.7,1.562,131.573,59.478,63.3,5.6,1.63,131.97,59.627,63.8,5.5,1.614
130.023,58.877,61.8,6.2,1.504,130.401,59.027,62.2,5.9,1.52,130.795,59.181,62.7,5.8,1.536,131.186,59.331,62.8,5.7,1.562,131.573,59.478,63.3,5.6,1.63,131.97,59.627,63.8,5.5,1.614,132.364,59.773,64.3,5.3,1.653
130.401,59.027,62.2,5.9,1.52,130.795,59.181,62.7,5.8,1.536,131.186,59.331,62.8,5.7,1.562,131.573,59.478,63.3,5.6,1.63,131.97,59.627,63.8,5.5,1.614,132.364,59.773,64.3,5.3,1.653,132.767,59.92,64.2,5.2,1.604
130.795,59.181,62.7,5.8,1.536,131.186,59.331,62.8,5.7,1.562,131.573,59.478,63.3,5.6,1.63,131.97,59.627,63.8,5.5,1.614,132.364,59.773,64.3,5.3,1.653,132.767,59.92,64.2,5.2,1.604,133.173,60.066,64.6,5.2,1.628
131.186,59.331,62.8,5.7,1.562,131.573,59.478,63.3,5.6,1.63,131.97,59.627,63.8,5.5,1.614,132.364,59.773,64.3,5.3,1.653,132.767,59.92,64.2,5.2,1.604,133.173,60.066,64.6,5.2,1.628,133.582,60.211,65.1,5.1,1.627
131.573,59.478,63.3,5.6,1.63,131.97,59.627,63.8,5.5,1.614,132.364,59.773,64.3,5.3,1.653,132.767,59.92,64.2,5.2,1.604,133.173,60.066,64.6,5.2,1.628,133.582,60.211,65.1,5.1,1.627,133.989,60.352,65.5,5.1,1.595
131.97,59.627,63.8,5.5,1.614,132.364,59.773,64.3,5.3,1.653,132.767,59.92,64.2,5.2,1.604,133.173,60.066,64.6,5.2,1.628,133.582,60.211,65.1,5.1,1.627,133.989,60.352,65.5,5.1,1.595,134.404,60.495,65.7,5.0,1.565
132.364,59.773,64.3,5.3,1.653,132.767,59.92,64.2,5.2,1.604,133.173,60.066,64.6,5.2,1.628,133.582,60.211,65.1,5.1,1.627,133.989,60.352,65.5,5.1,1.595,134.404,60.495,65.7,5.0,1.565,134.83,60.64,65.7,4.9,1.552
132.767,59.92,64.2,5.2,1.604,133.173,60.066,64.6,5.2,1.628,133.582,60.211,65.1,5.1,1.627,133.989,60.352,65.5,5.1,1.595,134.404,60.495,65.7,5.0,1.565,134.83,60.64,65.7,4.9,1.552,135.246,60.778,64.7,5.2,1.56
133.173,60.066,64.6,5.2,1.628,133.582,60.211,65.1,5.1,1.627,133.989,60.352,65.5,5.1,1.595,134.404,60.495,65.7,5.0,1.565,134.83,60.64,65.7,4.9,1.552,135.246,60.778,64.7,5.2,1.56,135.672,60.918,63.6,5.4,1.563
133.582,60.211,65.1,5.1,1.627,133.989,60.352,65.5,5.1,1.595,134.404,60.495,65.7,5.0,1.565,134.83,60.64,65.7,4.9,1.552,135.246,60.778,64.7,5.2,1.56,135.672,60.918,63.6,5.4,1.563,136.101,61.057,61.8,5.7,1.553
133.989,60.352,65.5,5.1,1.595,134.404,60.495,65.7,5.0,1.565,134.83,60.64,65.7,4.9,1.552,135.246,60.778,64.7,5.2,1.56,135.672,60.918,63.6,5.4,1.563,136.101,61.057,61.8,5.7,1.553,136.533,61.195,61.8,5.8,1.559
134.404,60.495,65.7,5.0,1.565,134.83,60.64,65.7,4.9,1.552,135.246,60.778,64.7,5.2,1.56,135.672,60.918,63.6,5.4,1.563,136.101,61.057,61.8,5.7,1.553,136.533,61.195,61.8,5.8,1.559,136.969,61.332,62.3,5.7,1.576
134.83,60.64,65.7,4.9,1.552,135.246,60.778,64.7,5.2,1.56,135.672,60.918,63.6,5.4,1.563,136.101,61.057,61.8,5.7,1.553,136.533,61.195,61.8,5.8,1.559,136.969,61.332,62.3,5.7,1.576,137.408,61.467,62.9,5.5,1.583
135.246,60.778,64.7,5.2,1.56,135.672,60.918,63.6,5.4,1.563,136.101,61.057,61.8,5.7,1.553,136.533,61.195,61.8,5.8,1.559,136.969,61.332,62.3,5.7,1.576,137.408,61.467,62.9,5.5,1.583,137.851,61.602,63.3,5.5,1.588
135.672,60.918,63.6,5.4,1.563,136.101,61.057,61.8,5.7,1.553,136.533,61.195,61.8,5.8,1.559,136.969,61.332,62.3,5.7,1.576,137.408,61.467,62.9,5.5,1.583,137.851,61.602,63.3,5.5,1.588,138.29,61.733,63.8,5.5,1.598
136.101,61.057,61.8,5.7,1.553,136.533,61.195,61.8,5.8,1.559,136.969,61.332,62.3,5.7,1.576,137.408,61.467,62.9,5.5,1.583,137.851,61.602,63.3,5.5,1.588,138.29,61.733,63.8,5.5,1.598,138.746,61.867,63.5,5.4,1.616
136.533,61.195,61.8,5.8,1.559,136.969,61.332,62.3,5.7,1.576,137.408,61.467,62.9,5.5,1.583,137.851,61.602,63.3,5.5,1.588,138.29,61.733,63.8,5.5,1.598,138.746,61.867,63.5,5.4,1.616,139.192,61.996,62.7,5.6,1.62
136.969,61.332,62.3,5.7,1.576,137.408,61.467,62.9,5.5,1.583,137.851,61.602,63.3,5.5,1.588,138.29,61.733,63.8,5.5,1.598,138.746,61.867,63.5,5.4,1.616,139.192,61.996,62.7,5.6,1.62,139.642,62.123,63.2,5.5,1.607
137.408,61.467,62.9,5.5,1.583,137.851,61.602,63.3,5.5,1.588,138.29,61.733,63.8,5.5,1.598,138.746,61.867,63.5,5.4,1.616,139.192,61.996,62.7,5.6,1.62,139.642,62.123,63.2,5.5,1.607,140.109,62.254,63.9,5.3,1.601
137.851,61.602,63.3,5.5,1.588,138.29,61.733,63.8,5.5,1.598,138.746,61.867,63.5,5.4,1.616,139.192,61.996,62.7,5.6,1.62,139.642,62.123,63.2,5.5,1.607,140.109,62.254,63.9,5.3,1.601,140.565,62.379,64.5,5.3,1.582
138.29,61.733,63.8,5.5,1.598,138.746,61.867,63.5,5.4,1.616,139.192,61.996,62.7,5.6,1.62,139.642,62.123,63.2,5.5,1.607,140.109,62.254,63.9,5.3,1.601,140.565,62.379,64.5,5.3,1.582,141.032,62.505,65.2,5.2,1.582
138.746,61.867,63.5,5.4,1.616,139.192,61.996,62.7,5.6,1.62,139.642,62.123,63.2,5.5,1.607,140.109,62.254,63.9,5.3,1.601,140.565,62.379,64.5,5.3,1.582,141.032,62.505,65.2,5.2,1.582,141.495,62.628,65.2,4.8,1.588
139.192,61.996,62.7,5.6,1.62,139.642,62.123,63.2,5.5,1.607,140.109,62.254,63.9,5.3,1.601,140.565,62.379,64.5,5.3,1.582,141.032,62.505,65.2,5.2,1.582,141.495,62.628,65.2,4.8,1.588,141.969,62.752,65.2,4.8,1.6
139.642,62.123,63.2,5.5,1.607,140.109,62.254,63.9,5.3,1.601,140.565,62.379,64.5,5.3,1.582,141.032,62.505,65.2,5.2,1.582,141.495,62.628,65.2,4.8,1.588,141.969,62.752,65.2,4.8,1.6,142.447,62.874,65.1,4.8,1.599
140.109,62.254,63.9,5.3,1.601,140.565,62.379,64.5,5.3,1.582,141.032,62.505,65.2,5.2,1.582,141.495,62.628,65.2,4.8,1.588,141.969,62.752,65.2,4.8,1.6,142.447,62.874,65.1,4.8,1.599,142.921,62.993,64.1,4.6,1.597
140.565,62.379,64.5,5.3,1.582,141.032,62.505,65.2,5.2,1.582,141.495,62.628,65.2,4.8,1.588,141.969,62.752,65.2,4.8,1.6,142.447,62.874,65.1,4.8,1.599,142.921,62.993,64.1,4.6,1.597,143.406,63.112,63.6,4.9,1.592
141.032,62.505,65.2,5.2,1.582,141.495,62.628,65.2,4.8,1.588,141.969,62.752,65.2,4.8,1.6,142.447,62.874,65.1,4.8,1.599,142.921,62.993,64.1,4.6,1.597,143.406,63.112,63.6,4.9,1.592,143.902,63.232,64.0,4.9,1.623
141.495,62.628,65.2,4.8,1.588,141.969,62.752,65.2,4.8,1.6,142.447,62.874,65.1,4.8,1.599,142.921,62.993,64.1,4.6,1.597,143.406,63.112,63.6,4.9,1.592,143.902,63.232,64.0,4.9,1.623,144.386,63.347,64.4,4.8,1.621
141.969,62.752,65.2,4.8,1.6,142.447,62.874,65.1,4.8,1.599,142.921,62.993,64.1,4.6,1.597,143.406,63.112,63.6,4.9,1.592,143.902,63.232,64.0,4.9,1.623,144.386,63.347,64.4,4.8,1.621,144.882,63.463,64.6,4.7,1.621
142.447,62.874,65.1,4.8,1.599,142.921,62.993,64.1,4.6,1.597,143.406,63.112,63.6,4.9,1.592,143.902,63.232,64.0,4.9,1.623,144.386,63.347,64.4,4.8,1.621,144.882,63.463,64.6,4.7,1.621,145.382,63.577,65.2,4.5,1.624
142.921,62.993,64.1,4.6,1.597,143.406,63.112,63.6,4.9,1.592,143.902,63.232,64.0,4.9,1.623,144.386,63.347,64.4,4.8,1.621,144.882,63.463,64.6,4.7,1.621,145.382,63.577,65.2,4.5,1.624,145.885,63.689,65.8,4.3,1.631
143.406,63.112,63.6,4.9,1.592,143.902,63.232,64.0,4.9,1.623,144.386,63.347,64.4,4.8,1.621,144.882,63.463,64.6,4.7,1.621,145.382,63.577,65.2,4.5,1.624,145.885,63.689,65.8,4.3,1.631,146.391,63.801,65.9,4.0,1.633
143.902,63.232,64.0,4.9,1.623,144.386,63.347,64.4,4.8,1.621,144.882,63.463,64.6,4.7,1.621,145.382,63.577,65.2,4.5,1.624,145.885,63.689,65.8,4.3,1.631,146.391,63.801,65.9,4.0,1.633,146.902,63.91,66.1,3.9,1.645
144.386,63.347,64.4,4.8,1.621,144.882,63.463,64.6,4.7,1.621,145.382,63.577,65.2,4.5,1.624,145.885,63.689,65.8,4.3,1.631,146.391,63.801,65.9,4.0,1.633,146.902,63.91,66.1,3.9,1.645,147.408,64.017,66.1,3.8,1.651
144.882,63.463,64.6,4.7,1.621,145.382,63.577,65.2,4.5,1.624,145.885,63.689,65.8,4.3,1.631,146.391,63.801,65.9,4.0,1.633,146.902,63.91,66.1,3.9,1.645,147.408,64.017,66.1,3.8,1.651,147.933,64.125,65.8,3.9,1.65
145.382,63.577,65.2,4.5,1.624,145.885,63.689,65.8,4.3,1.631,146.391,63.801,65.9,4.0,1.633,146.902,63.91,66.1,3.9,1.645,147.408,64.017,66.1,3.8,1.651,147.933,64.125,65.8,3.9,1.65,148.455,64.23,65.3,3.9,1.65
145.885,63.689,65.8,4.3,1.631,146.391,63.801,65.9,4.0,1.633,146.902,63.91,66.1,3.9,1.645,147.408,64.017,66.1,3.8,1.651,147.933,64.125,65.8,3.9,1.65,148.455,64.23,65.3,3.9,1.65,148.971,64.332,65.4,3.9,1.654
146.391,63.801,65.9,4.0,1.633,146.902,63.91,66.1,3.9,1.645,147.408,64.017,66.1,3.8,1.651,147.933,64.125,65.8,3.9,1.65,148.455,64.23,65.3,3.9,1.65,148.971,64.332,65.4,3.9,1.654,149.499,64.434,65.4,3.8,1.662
146.902,63.91,66.1,3.9,1.645,147.408,64.017,66.1,3.8,1.651,147.933,64.125,65.8,3.9,1.65,148.455,64.23,65.3,3.9,1.65,148.971,64.332,65.4,3.9,1.654,149.499,64.434,65.4,3.8,1.662,150.04,64.536,65.4,3.7,1.665
147.408,64.017,66.1,3.8,1.651,147.933,64.125,65.8,3.9,1.65,148.455,64.23,65.3,3.9,1.65,148.971,64.332,65.4,3.9,1.654,149.499,64.434,65.4,3.8,1.662,150.04,64.536,65.4,3.7,1.665,150.567,64.633,64.9,3.7,1.658
147.933,64.125,65.8,3.9,1.65,148.455,64.23,65.3,3.9,1.65,148.971,64.332,65.4,3.9,1.654,149.499,64.434,65.4,3.8,1.662,150.04,64.536,65.4,3.7,1.665,150.567,64.633,64.9,3.7,1.658,151.106,64.73,65.5,3.7,1.659
148.455,64.23,65.3,3.9,1.65,148.971,64.332,65.4,3.9,1.654,149.499,64.434,65.4,3.8,1.662,150.04,64.536,65.4,3.7,1.665,150.567,64.633,64.9,3.7,1.658,151.106,64.73,65.5,3.7,1.659,151.649,64.826,66.0,3.4,1.668
148.971,64.332,65.4,3.9,1.654,149.499,64.434,65.4,3.8,1.662,150.04,64.536,65.4,3.7,1.665,150.567,64.633,64.9,3.7,1.658,151.106,64.73,65.5,3.7,1.659,151.649,64.826,66.0,3.4,1.668,152.195,64.919,66.8,3.4,1.676
149.499,64.434,65.4,3.8,1.662,150.04,64.536,65.4,3.7,1.665,150.567,64.633,64.9,3.7,1.658,151.106,64.73,65.5,3.7,1.659,151.649,64.826,66.0,3.4,1.668,152.195,64.919,66.8,3.4,1.676,152.736,65.01,67.5,3.3,1.688
150.04,64.536,65.4,3.7,1.665,150.567,64.633,64.9,3.7,1.658,151.106,64.73,65.5,3.7,1.659,151.649,64.826,66.0,3.4,1.668,152.195,64.919,66.8,3.4,1.676,152.736,65.01,67.5,3.3,1.688,153.298,65.102,67.8,3.2,1.722
150.567,64.633,64.9,3.7,1.658,151.106,64.73,65.5,3.7,1.659,151.649,64.826,66.0,3.4,1.668,152.195,64.919,66.8,3.4,1.676,152.736,65.01,67.5,3.3,1.688,153.298,65.102,67.8,3.2,1.722,153.854,65.191,68.0,3.1,1.726
151.106,64.73,65.5,3.7,1.659,151.649,64.826,66.0,3.4,1.668,152.195,64.919,66.8,3.4,1.676,152.736,65.01,67.5,3.3,1.688,153.298,65.102,67.8,3.2,1.722,153.854,65.191,68.0,3.1,1.726,154.414,65.278,68.6,3.1,1.748
151.649,64.826,66.0,3.4,1.668,152.195,64.919,66.8,3.4,1.676,152.736,65.01,67.5,3.3,1.688,153.298,65.102,67.8,3.2,1.722,153.854,65.191,68.0,3.1,1.726,154.414,65.278,68.6,3.1,1.748,154.978,65.363,68.3,2.9,1.754
152.195,64.919,66.8,3.4,1.676,152.736,65.01,67.5,3.3,1.688,153.298,65.102,67.8,3.2,1.722,153.854,65.191,68.0,3.1,1.726,154.414,65.278,68.6,3.1,1.748,154.978,65.363,68.3,2.9,1.754,155.544,65.446,68.0,2.8,1.736
152.736,65.01,67.5,3.3,1.688,153.298,65.102,67.8,3.2,1.722,153.854,65.191,68.0,3.1,1.726,154.414,65.278,68.6,3.1,1.748,154.978,65.363,68.3,2.9,1.754,155.544,65.446,68.0,2.8,1.736,156.114,65.528,68.4,2.5,1.732
153.298,65.102,67.8,3.2,1.722,153.854,65.191,68.0,3.1,1.726,154.414,65.278,68.6,3.1,1.748,154.978,65.363,68.3,2.9,1.754,155.544,65.446,68.0,2.8,1.736,156.114,65.528,68.4,2.5,1.732,156.688,65.608,68.7,2.5,1.72
153.854,65.191,68.0,3.1,1.726,154.414,65.278,68.6,3.1,1.748,154.978,65.363,68.3,2.9,1.754,155.544,65.446,68.0,2.8,1.736,156.114,65.528,68.4,2.5,1.732,156.688,65.608,68.7,2.5,1.72,157.255,65.684,68.4,2.7,1.725
154.414,65.278,68.6,3.1,1.748,154.978,65.363,68.3,2.9,1.754,155.544,65.446,68.0,2.8,1.736,156.114,65.528,68.4,2.5,1.732,156.688,65.608,68.7,2.5,1.72,157.255,65.684,68.4,2.7,1.725,157.835,65.76,68.6,3.0,1.718
154.978,65.363,68.3,2.9,1.754,155.544,65.446,68.0,2.8,1.736,156.114,65.528,68.4,2.5,1.732,156.688,65.608,68.7,2.5,1.72,157.255,65.684,68.4,2.7,1.725,157.835,65.76,68.6,3.0,1.718,158.427,65.836,68.1,2.6,1.728
155.544,65.446,68.0,2.8,1.736,156.114,65.528,68.4,2.5,1.732,156.688,65.608,68.7,2.5,1.72,157.255,65.684,68.4,2.7,1.725,157.835,65.76,68.6,3.0,1.718,158.427,65.836,68.1,2.6,1.728,159.003,65.907,68.1,2.6,1.732
156.114,65.528,68.4,2.5,1.732,156.688,65.608,68.7,2.5,1.72,157.255,65.684,68.4,2.7,1.725,157.835,65.76,68.6,3.0,1.718,158.427,65.836,68.1,2.6,1.728,159.003,65.907,68.1,2.6,1.732,159.592,65.977,67.8,2.7,1.717
156.688,65.608,68.7,2.5,1.72,157.255,65.684,68.4,2.7,1.725,157.835,65.76,68.6,3.0,1.718,158.427,65.836,68.1,2.6,1.728,159.003,65.907,68.1,2.6,1.732,159.592,65.977,67.8,2.7,1.717,160.779,66.112,66.0,3.0,1.699
157.255,65.684,68.4,2.7,1.725,157.835,65.76,68.6,3.0,1.718,158.427,65.836,68.1,2.6,1.728,159.003,65.907,68.1,2.6,1.732,159.592,65.977,67.8,2.7,1.717,160.779,66.112,66.0,3.0,1.699,161.395,66.179,66.1,3.1,1.71
157.835,65.76,68.6,3.0,1.718,158.427,65.836,68.1,2.6,1.728,159.003,65.907,68.1,2.6,1.732,159.592,65.977,67.8,2.7,1.717,160.779,66.112,66.0,3.0,1.699,161.395,66.179,66.1,3.1,1.71,161.977,66.24,65.1,3.2,1.711
158.427,65.836,68.1,2.6,1.728,159.003,65.907,68.1,2.6,1.732,159.592,65.977,67.8,2.7,1.717,160.779,66.112,66.0,3.0,1.699,161.395,66.179,66.1,3.1,1.71,161.977,66.24,65.1,3.2,1.711,162.58,66.3,64.2,3.4,1.718
159.003,65.907,68.1,2.6,1.732,159.592,65.977,67.8,2.7,1.717,160.779,66.112,66.0,3.0,1.699,161.395,66.179,66.1,3.1,1.71,161.977,66.24,65.1,3.2,1.711,162.58,66.3,64.2,3.4,1.718,163.176,66.358,62.6,3.5,1.706
159.592,65.977,67.8,2.7,1.717,160.779,66.112,66.0,3.0,1.699,161.395,66.179,66.1,3.1,1.71,161.977,66.24,65.1,3.2,1.711,162.58,66.3,64.2,3.4,1.718,163.176,66.358,62.6,3.5,1.706,163.785,66.414,62.0,3.7,1.703
160.779,66.112,66.0,3.0,1.699,161.395,66.179,66.1,3.1,1.71,161.977,66.24,65.1,3.2,1.711,162.58,66.3,64.2,3.4,1.718,163.176,66.358,62.6,3.5,1.706,163.785,66.414,62.0,3.7,1.703,164.395,66.469,62.1,3.5,1.719
161.395,66.179,66.1,3.1,1.71,161.977,66.24,65.1,3.2,1.711,162.58,66.3,64.2,3.4,1.718,163.176,66.358,62.6,3.5,1.706,163.785,66.414,62.0,3.7,1.703,164.395,66.469,62.1,3.5,1.719,165.009,66.522,63.0,3.2,1.705
161.977,66.24,65.1,3.2,1.711,162.58,66.3,64.2,3.4,1.718,163.176,66.358,62.6,3.5,1.706,163.785,66.414,62.0,3.7,1.703,164.395,66.469,62.1,3.5,1.719,165.009,66.522,63.0,3.2,1.705,165.615,66.571,62.4,2.5,1.705
162.58,66.3,64.2,3.4,1.718,163.176,66.358,62.6,3.5,1.706,163.785,66.414,62.0,3.7,1.703,164.395,66.469,62.1,3.5,1.719,165.009,66.522,63.0,3.2,1.705,165.615,66.571,62.4,2.5,1.705,166.233,66.62,62.4,2.6,1.708
163.176,66.358,62.6,3.5,1.706,163.785,66.414,62.0,3.7,1.703,164.395,66.469,62.1,3.5,1.719,165.009,66.522,63.0,3.2,1.705,165.615,66.571,62.4,2.5,1.705,166.233,66.62,62.4,2.6,1.708,166.843,66.665,63.3,2.7,1.703
163.785,66.414,62.0,3.7,1.703,164.395,66.469,62.1,3.5,1.719,165.009,66.522,63.0,3.2,1.705,165.615,66.571,62.4,2.5,1.705,166.233,66.62,62.4,2.6,1.708,166.843,66.665,63.3,2.7,1.703,167.475,66.71,64.9,2.5,1.717
164.395,66.469,62.1,3.5,1.719,165.009,66.522,63.0,3.2,1.705,165.615,66.571,62.4,2.5,1.705,166.233,66.62,62.4,2.6,1.708,166.843,66.665,63.3,2.7,1.703,167.475,66.71,64.9,2.5,1.717,168.089,66.751,66.1,2.1,1.718
165.009,66.522,63.0,3.2,1.705,165.615,66.571,62.4,2.5,1.705,166.233,66.62,62.4,2.6,1.708,166.843,66.665,63.3,2.7,1.703,167.475,66.71,64.9,2.5,1.717,168.089,66.751,66.1,2.1,1.718,168.716,66.791,67.0,2.3,1.717
165.615,66.571,62.4,2.5,1.705,166.233,66.62,62.4,2.6,1.708,166.843,66.665,63.3,2.7,1.703,167.475,66.71,64.9,2.5,1.717,168.089,66.751,66.1,2.1,1.718,168.716,66.791,67.0,2.3,1.717,169.344,66.829,67.6,2.1,1.719
166.233,66.62,62.4,2.6,1.708,166.843,66.665,63.3,2.7,1.703,167.475,66.71,64.9,2.5,1.717,168.089,66.751,66.1,2.1,1.718,168.716,66.791,67.0,2.3,1.717,169.344,66.829,67.6,2.1,1.719,169.973,66.865,67.9,2.2,1.719
166.843,66.665,63.3,2.7,1.703,167.475,66.71,64.9,2.5,1.717,168.089,66.751,66.1,2.1,1.718,168.716,66.791,67.0,2.3,1.717,169.344,66.829,67.6,2.1,1.719,169.973,66.865,67.9,2.2,1.719,170.595,66.898,68.5,2.1,1.724
167.475,66.71,64.9,2.5,1.717,168.089,66.751,66.1,2.1,1.718,168.716,66.791,67.0,2.3,1.717,169.344,66.829,67.6,2.1,1.719,169.973,66.865,67.9,2.2,1.719,170.595,66.898,68.5,2.1,1.724,171.238,66.93,69.3,2.0,1.717
168.089,66.751,66.1,2.1,1.718,168.716,66.791,67.0,2.3,1.717,169.344,66.829,67.6,2.1,1.719,169.973,66.865,67.9,2.2,1.719,170.595,66.898,68.5,2.1,1.724,171.238,66.93,69.3,2.0,1.717,171.872,66.959,69.7,2.0,1.7
168.716,66.791,67.0,2.3,1.717,169.344,66.829,67.6,2.1,1.719,169.973,66.865,67.9,2.2,1.719,170.595,66.898,68.5,2.1,1.724,171.238,66.93,69.3,2.0,1.717,171.872,66.959,69.7,2.0,1.7,172.498,66.985,70.0,1.9,1.703
169.344,66.829,67.6,2.1,1.719,169.973,66.865,67.9,2.2,1.719,170.595,66.898,68.5,2.1,1.724,171.238,66.93,69.3,2.0,1.717,171.872,66.959,69.7,2.0,1.7,172.498,66.985,70.0,1.9,1.703,173.125,67.01,70.1,1.8,1.73
169.973,66.865,67.9,2.2,1.719,170.595,66.898,68.5,2.1,1.724,171.238,66.93,69.3,2.0,1.717,171.872,66.959,69.7,2.0,1.7,172.498,66.985,70.0,1.9,1.703,173.125,67.01,70.1,1.8,1.73,173.763,67.032,68.2,2.0,1.731
170.595,66.898,68.5,2.1,1.724,171.238,66.93,69.3,2.0,1.717,171.872,66.959,69.7,2.0,1.7,172.498,66.985,70.0,1.9,1.703,173.125,67.01,70.1,1.8,1.73,173.763,67.032,68.2,2.0,1.731,174.403,67.053,67.3,2.2,1.717
171.238,66.93,69.3,2.0,1.717,171.872,66.959,69.7,2.0,1.7,172.498,66.985,70.0,1.9,1.703,173.125,67.01,70.1,1.8,1.73,173.763,67.032,68.2,2.0,1.731,174.403,67.053,67.3,2.2,1.717,175.043,67.071,66.4,2.3,1.714
171.872,66.959,69.7,2.0,1.7,172.498,66.985,70.0,1.9,1.703,173.125,67.01,70.1,1.8,1.73,173.763,67.032,68.2,2.0,1.731,174.403,67.053,67.3,2.2,1.717,175.043,67.071,66.4,2.3,1.714,175.684,67.087,64.8,2.6,1.707
172.498,66.985,70.0,1.9,1.703,173.125,67.01,70.1,1.8,1.73,173.763,67.032,68.2,2.0,1.731,174.403,67.053,67.3,2.2,1.717,175.043,67.071,66.4,2.3,1.714,175.684,67.087,64.8,2.6,1.707,176.316,67.101,63.9,2.7,1.706
173.125,67.01,70.1,1.8,1.73,173.763,67.032,68.2,2.0,1.731,174.403,67.053,67.3,2.2,1.717,175.043,67.071,66.4,2.3,1.714,175.684,67.087,64.8,2.6,1.707,176.316,67.101,63.9,2.7,1.706,176.948,67.112,63.4,2.8,1.704
173.763,67.032,68.2,2.0,1.731,174.403,67.053,67.3,2.2,1.717,175.043,67.071,66.4,2.3,1.714,175.684,67.087,64.8,2.6,1.707,176.316,67.101,63.9,2.7,1.706,176.948,67.112,63.4,2.8,1.704,177.601,67.121,64.2,2.8,1.705
174.403,67.053,67.3,2.2,1.717,175.043,67.071,66.4,2.3,1.714,175.684,67.087,64.8,2.6,1.707,176.316,67.101,63.9,2.7,1.706,176.948,67.112,63.4,2.8,1.704,177.601,67.121,64.2,2.8,1.705,178.244,67.128,63.6,2.7,1.705
175.043,67.071,66.4,2.3,1.714,175.684,67.087,64.8,2.6,1.707,176.316,67.101,63.9,2.7,1.706,176.948,67.112,63.4,2.8,1.704,177.601,67.121,64.2,2.8,1.705,178.244,67.128,63.6,2.7,1.705,178.878,67.133,64.3,2.8,1.7
175.684,67.087,64.8,2.6,1.707,176.316,67.101,63.9,2.7,1.706,176.948,67.112,63.4,2.8,1.704,177.601,67.121,64.2,2.8,1.705,178.244,67.128,63.6,2.7,1.705,178.878,67.133,64.3,2.8,1.7,179.522,67.136,65.2,2.7,1.679
176.316,67.101,63.9,2.7,1.706,176.948,67.112,63.4,2.8,1.704,177.601,67.121,64.2,2.8,1.705,178.244,67.128,63.6,2.7,1.705,178.878,67.133,64.3,2.8,1.7,179.522,67.136,65.2,2.7,1.679,180.166,67.136,65.8,2.7,1.689
176.948,67.112,63.4,2.8,1.704,177.601,67.121,64.2,2.8,1.705,178.244,67.128,63.6,2.7,1.705,178.878,67.133,64.3,2.8,1.7,179.522,67.136,65.2,2.7,1.679,180.166,67.136,65.8,2.7,1.689,180.81,67.134,65.9,2.7,1.699
177.601,67.121,64.2,2.8,1.705,178.244,67.128,63.6,2.7,1.705,178.878,67.133,64.3,2.8,1.7,179.522,67.136,65.2,2.7,1.679,180.166,67.136,65.8,2.7,1.689,180.81,67.134,65.9,2.7,1.699,181.453,67.13,66.1,2.7,1.691
178.244,67.128,63.6,2.7,1.705,178.878,67.133,64.3,2.8,1.7,179.522,67.136,65.2,2.7,1.679,180.166,67.136,65.8,2.7,1.689,180.81,67.134,65.9,2.7,1.699,181.453,67.13,66.1,2.7,1.691,182.097,67.124,65.8,2.8,1.678
178.878,67.133,64.3,2.8,1.7,179.522,67.136,65.2,2.7,1.679,180.166,67.136,65.8,2.7,1.689,180.81,67.134,65.9,2.7,1.699,181.453,67.13,66.1,2.7,1.691,182.097,67.124,65.8,2.8,1.678,182.73,67.115,64.6,2.8,1.677
179.522,67.136,65.2,2.7,1.679,180.166,67.136,65.8,2.7,1.689,180.81,67.134,65.9,2.7,1.699,181.453,67.13,66.1,2.7,1.691,182.097,67.124,65.8,2.8,1.678,182.73,67.115,64.6,2.8,1.677,183.362,67.105,65.3,2.8,1.689
180.166,67.136,65.8,2.7,1.689,180.81,67.134,65.9,2.7,1.699,181.453,67.13,66.1,2.7,1.691,182.097,67.124,65.8,2.8,1.678,182.73,67.115,64.6,2.8,1.677,183.362,67.105,65.3,2.8,1.689,184.014,67.091,66.1,2.6,1.692
180.81,67.134,65.9,2.7,1.699,181.453,67.13,66.1,2.7,1.691,182.097,67.124,65.8,2.8,1.678,182.73,67.115,64.6,2.8,1.677,183.362,67.105,65.3,2.8,1.689,184.014,67.091,66.1,2.6,1.692,184.645,67.076,67.3,2.3,1.698
181.453,67.13,66.1,2.7,1.691,182.097,67.124,65.8,2.8,1.678,182.73,67.115,64.6,2.8,1.677,183.362,67.105,65.3,2.8,1.689,184.014,67.091,66.1,2.6,1.692,184.645,67.076,67.3,2.3,1.698,185.296,67.059,67.3,2.2,1.679
182.097,67.124,65.8,2.8,1.678,182.73,67.115,64.6,2.8,1.677,183.362,67.105,65.3,2.8,1.689,184.014,67.091,66.1,2.6,1.692,184.645,67.076,67.3,2.3,1.698,185.296,67.059,67.3,2.2,1.679,185.936,67.039,67.1,2.4,1.667
182.73,67.115,64.6,2.8,1.677,183.362,67.105,65.3,2.8,1.689,184.014,67.091,66.1,2.6,1.692,184.645,67.076,67.3,2.3,1.698,185.296,67.059,67.3,2.2,1.679,185.936,67.039,67.1,2.4,1.667,186.574,67.017,68.0,2.2,1.669
183.362,67.105,65.3,2.8,1.689,184.014,67.091,66.1,2.6,1.692,184.645,67.076,67.3,2.3,1.698,185.296,67.059,67.3,2.2,1.679,185.936,67.039,67.1,2.4,1.667,186.574,67.017,68.0,2.2,1.669,187.222,66.992,68.8,2.1,1.68
184.014,67.091,66.1,2.6,1.692,184.645,67.076,67.3,2.3,1.698,185.296,67.059,67.3,2.2,1.679,185.936,67.039,67.1,2.4,1.667,186.574,67.017,68.0,2.2,1.669,187.222,66.992,68.8,2.1,1.68,187.838,66.967,69.4,2.0,1.675
184.645,67.076,67.3,2.3,1.698,185.296,67.059,67.3,2.2,1.679,185.936,67.039,67.1,2.4,1.667,186.574,67.017,68.0,2.2,1.669,187.222,66.992,68.8,2.1,1.68,187.838,66.967,69.4,2.0,1.675,189.106,66.908,68.8,2.2,1.671
185.296,67.059,67.3,2.2,1.679,185.936,67.039,67.1,2.4,1.667,186.574,67.017,68.0,2.2,1.669,187.222,66.992,68.8,2.1,1.68,187.838,66.967,69.4,2.0,1.675,189.106,66.908,68.8,2.2,1.671,189.728,66.875,67.9,2.3,1.665
185.936,67.039,67.1,2.4,1.667,186.574,67.017,68.0,2.2,1.669,187.222,66.992,68.8,2.1,1.68,187.838,66.967,69.4,2.0,1.675,189.106,66.908,68.8,2.2,1.671,189.728,66.875,67.9,2.3,1.665,190.349,66.841,67.9,2.4,1.671
186.574,67.017,68.0,2.2,1.669,187.222,66.992,68.8,2.1,1.68,187.838,66.967,69.4,2.0,1.675,189.106,66.908,68.8,2.2,1.671,189.728,66.875,67.9,2.3,1.665,190.349,66.841,67.9,2.4,1.671,190.987,66.803,68.4,2.3,1.682
187.222,66.992,68.8,2.1,1.68,187.838,66.967,69.4,2.0,1.675,189.106,66.908,68.8,2.2,1.671,189.728,66.875,67.9,2.3,1.665,190.349,66.841,67.9,2.4,1.671,190.987,66.803,68.4,2.3,1.682,191.614,66.764,68.3,2.3,1.683
187.838,66.967,69.4,2.0,1.675,189.106,66.908,68.8,2.2,1.671,189.728,66.875,67.9,2.3,1.665,190.349,66.841,67.9,2.4,1.671,190.987,66.803,68.4,2.3,1.682,191.614,66.764,68.3,2.3,1.683,192.239,66.722,68.7,2.1,1.683
189.106,66.908,68.8,2.2,1.671,189.728,66.875,67.9,2.3,1.665,190.349,66.841,67.9,2.4,1.671,190.987,66.803,68.4,2.3,1.682,191.614,66.764,68.3,2.3,1.683,192.239,66.722,68.7,2.1,1.683,192.862,66.679,69.3,2.1,1.678
189.728,66.875,67.9,2.3,1.665,190.349,66.841,67.9,2.4,1.671,190.987,66.803,68.4,2.3,1.682,191.614,66.764,68.3,2.3,1.683,192.239,66.722,68.7,2.1,1.683,192.862,66.679,69.3,2.1,1.678,193.473,66.634,68.4,2.0,1.679
190.349,66.841,67.9,2.4,1.671,190.987,66.803,68.4,2.3,1.682,191.614,66.764,68.3,2.3,1.683,192.239,66.722,68.7,2.1,1.683,192.862,66.679,69.3,2.1,1.678,193.473,66.634,68.4,2.0,1.679,194.091,66.586,68.9,2.0,1.683
190.987,66.803,68.4,2.3,1.682,191.614,66.764,68.3,2.3,1.683,192.239,66.722,68.7,2.1,1.683,192.862,66.679,69.3,2.1,1.678,193.473,66.634,68.4,2.0,1.679,194.091,66.586,68.9,2.0,1.683,194.698,66.537,67.4,2.0,1.673
191.614,66.764,68.3,2.3,1.683,192.239,66.722,68.7,2.1,1.683,192.862,66.679,69.3,2.1,1.678,193.473,66.634,68.4,2.0,1.679,194.091,66.586,68.9,2.0,1.683,194.698,66.537,67.4,2.0,1.673,195.312,66.485,62.6,2.9,1.671
192.239,66.722,68.7,2.1,1.683,192.862,66.679,69.3,2.1,1.678,193.473,66.634,68.4,2.0,1.679,194.091,66.586,68.9,2.0,1.683,194.698,66.537,67.4,2.0,1.673,195.312,66.485,62.6,2.9,1.671,195.924,66.431,61.0,3.4,1.67
192.862,66.679,69.3,2.1,1.678,193.473,66.634,68.4,2.0,1.679,194.091,66.586,68.9,2.0,1.683,194.698,66.537,67.4,2.0,1.673,195.312,66.485,62.6,2.9,1.671,195.924,66.431,61.0,3.4,1.67,196.523,66.376,61.2,3.3,1.676
193.473,66.634,68.4,2.0,1.679,194.091,66.586,68.9,2.0,1.683,194.698,66.537,67.4,2.0,1.673,195.312,66.485,62.6,2.9,1.671,195.924,66.431,61.0,3.4,1.67,196.523,66.376,61.2,3.3,1.676,197.13,66.318,62.0,3.2,1.685
194.091,66.586,68.9,2.0,1.683,194.698,66.537,67.4,2.0,1.673,195.312,66.485,62.6,2.9,1.671,195.924,66.431,61.0,3.4,1.67,196.523,66.376,61.2,3.3,1.676,197.13,66.318,62.0,3.2,1.685,197.734,66.258,62.2,3.1,1.681
194.698,66.537,67.4,2.0,1.673,195.312,66.485,62.6,2.9,1.671,195.924,66.431,61.0,3.4,1.67,196.523,66.376,61.2,3.3,1.676,197.13,66.318,62.0,3.2,1.685,197.734,66.258,62.2,3.1,1.681,198.335,66.196,62.0,3.1,1.686
195.312,66.485,62.6,2.9,1.671,195.924,66.431,61.0,3.4,1.67,196.523,66.376,61.2,3.3,1.676,197.13,66.318,62.0,3.2,1.685,197.734,66.258,62.2,3.1,1.681,198.335,66.196,62.0,3.1,1.686,198.934,66.132,60.8,3.3,1.675
195.924,66.431,61.0,3.4,1.67,196.523,66.376,61.2,3.3,1.676,197.13,66.318,62.0,3.2,1.685,197.734,66.258,62.2,3.1,1.681,198.335,66.196,62.0,3.1,1.686,198.934,66.132,60.8,3.3,1.675,199.52,66.067,60.6,3.5,1.668
196.523,66.376,61.2,3.3,1.676,197.13,66.318,62.0,3.2,1.685,197.734,66.258,62.2,3.1,1.681,198.335,66.196,62.0,3.1,1.686,198.934,66.132,60.8,3.3,1.675,199.52,66.067,60.6,3.5,1.668,200.122,65.998,62.0,3.2,1.671
197.13,66.318,62.0,3.2,1.685,197.734,66.258,62.2,3.1,1.681,198.335,66.196,62.0,3.1,1.686,198.934,66.132,60.8,3.3,1.675,199.52,66.067,60.6,3.5,1.668,200.122,65.998,62.0,3.2,1.671,200.703,65.929,60.7,3.6,1.665
197.734,66.258,62.2,3.1,1.681,198.335,66.196,62.0,3.1,1.686,198.934,66.132,60.8,3.3,1.675,199.52,66.067,60.6,3.5,1.668,200.122,65.998,62.0,3.2,1.671,200.703,65.929,60.7,3.6,1.665,201.28,65.859,60.2,3.7,1.63
198.335,66.196,62.0,3.1,1.686,198.934,66.132,60.8,3.3,1.675,199.52,66.067,60.6,3.5,1.668,200.122,65.998,62.0,3.2,1.671,200.703,65.929,60.7,3.6,1.665,201.28,65.859,60.2,3.7,1.63,201.873,65.784,59.5,3.7,1.621
198.934,66.132,60.8,3.3,1.675,199.52,66.067,60.6,3.5,1.668,200.122,65.998,62.0,3.2,1.671,200.703,65.929,60.7,3.6,1.665,201.28,65.859,60.2,3.7,1.63,201.873,65.784,59.5,3.7,1.621,202.445,65.71,57.3,4.1,1.593
199.52,66.067,60.6,3.5,1.668,200.122,65.998,62.0,3.2,1.671,200.703,65.929,60.7,3.6,1.665,201.28,65.859,60.2,3.7,1.63,201.873,65.784,59.5,3.7,1.621,202.445,65.71,57.3,4.1,1.593,203.004,65.635,55.5,4.6,1.588
200.122,65.998,62.0,3.2,1.671,200.703,65.929,60.7,3.6,1.665,201.28,65.859,60.2,3.7,1.63,201.873,65.784,59.5,3.7,1.621,202.445,65.71,57.3,4.1,1.593,203.004,65.635,55.5,4.6,1.588,203.579,65.556,55.0,4.8,1.59
200.703,65.929,60.7,3.6,1.665,201.28,65.859,60.2,3.7,1.63,201.873,65.784,59.5,3.7,1.621,202.445,65.71,57.3,4.1,1.593,203.004,65.635,55.5,4.6,1.588,203.579,65.556,55.0,4.8,1.59,204.15,65.475,57.0,4.4,1.601
201.28,65.859,60.2,3.7,1.63,201.873,65.784,59.5,3.7,1.621,202.445,65.71,57.3,4.1,1.593,203.004,65.635,55.5,4.6,1.588,203.579,65.556,55.0,4.8,1.59,204.15,65.475,57.0,4.4,1.601,204.727,65.391,56.7,4.6,1.587
201.873,65.784,59.5,3.7,1.621,202.445,65.71,57.3,4.1,1.593,203.004,65.635,55.5,4.6,1.588,203.579,65.556,55.0,4.8,1.59,204.15,65.475,57.0,4.4,1.601,204.727,65.391,56.7,4.6,1.587,205.273,65.309,57.2,4.4,1.525
202.445,65.71,57.3,4.1,1.593,203.004,65.635,55.5,4.6,1.588,203.579,65.556,55.0,4.8,1.59,204.15,65.475,57.0,4.4,1.601,204.727,65.391,56.7,4.6,1.587,205.273,65.309,57.2,4.4,1.525,205.826,65.224,54.3,5.1,0.161
203.004,65.635,55.5,4.6,1.588,203.579,65.556,55.0,4.8,1.59,204.15,65.475,57.0,4.4,1.601,204.727,65.391,56.7,4.6,1.587,205.273,65.309,57.2,4.4,1.525,205.826,65.224,54.3,5.1,0.161,206.393,65.134,53.4,5.7,1.574
203.579,65.556,55.0,4.8,1.59,204.15,65.475,57.0,4.4,1.601,204.727,65.391,56.7,4.6,1.587,205.273,65.309,57.2,4.4,1.525,205.826,65.224,54.3,5.1,0.161,206.393,65.134,53.4,5.7,1.574,206.938,65.046,55.0,5.2,1.539
204.15,65.475,57.0,4.4,1.601,204.727,65.391,56.7,4.6,1.587,205.273,65.309,57.2,4.4,1.525,205.826,65.224,54.3,5.1,0.161,206.393,65.134,53.4,5.7,1.574,206.938,65.046,55.0,5.2,1.539,207.489,64.955,57.7,4.5,1.558
204.727,65.391,56.7,4.6,1.587,205.273,65.309,57.2,4.4,1.525,205.826,65.224,54.3,5.1,0.161,206.393,65.134,53.4,5.7,1.574,206.938,65.046,55.0,5.2,1.539,207.489,64.955,57.7,4.5,1.558,208.037,64.861,59.6,3.9,1.563
205.273,65.309,57.2,4.4,1.525,205.826,65.224,54.3,5.1,0.161,206.393,65.134,53.4,5.7,1.574,206.938,65.046,55.0,5.2,1.539,207.489,64.955,57.7,4.5,1.558,208.037,64.861,59.6,3.9,1.563,208.581,64.766,61.0,3.5,1.566
205.826,65.224,54.3,5.1,0.161,206.393,65.134,53.4,5.7,1.574,206.938,65.046,55.0,5.2,1.539,207.489,64.955,57.7,4.5,1.558,208.037,64.861,59.6,3.9,1.563,208.581,64.766,61.0,3.5,1.566,209.658,64.572,63.0,2.9,1.574
206.393,65.134,53.4,5.7,1.574,206.938,65.046,55.0,5.2,1.539,207.489,64.955,57.7,4.5,1.558,208.037,64.861,59.6,3.9,1.563,208.581,64.766,61.0,3.5,1.566,209.658,64.572,63.0,2.9,1.574,210.192,64.472,64.0,2.8,1.552
206.938,65.046,55.0,5.2,1.539,207.489,64.955,57.7,4.5,1.558,208.037,64.861,59.6,3.9,1.563,208.581,64.766,61.0,3.5,1.566,209.658,64.572,63.0,2.9,1.574,210.192,64.472,64.0,2.8,1.552,210.721,64.371,64.4,2.7,1.558
207.489,64.955,57.7,4.5,1.558,208.037,64.861,59.6,3.9,1.563,208.581,64.766,61.0,3.5,1.566,209.658,64.572,63.0,2.9,1.574,210.192,64.472,64.0,2.8,1.552,210.721,64.371,64.4,2.7,1.558,211.239,64.269,64.2,2.8,1.543
208.037,64.861,59.6,3.9,1.563,208.581,64.766,61.0,3.5,1.566,209.658,64.572,63.0,2.9,1.574,210.192,64.472,64.0,2.8,1.552,210.721,64.371,64.4,2.7,1.558,211.239,64.269,64.2,2.8,1.543,211.762,64.165,63.0,3.0,1.542
208.581,64.766,61.0,3.5,1.566,209.658,64.572,63.0,2.9,1.574,210.192,64.472,64.0,2.8,1.552,210.721,64.371,64.4,2.7,1.558,211.239,64.269,64.2,2.8,1.543,211.762,64.165,63.0,3.0,1.542,212.281,64.059,64.0,2.7,1.543
209.658,64.572,63.0,2.9,1.574,210.192,64.472,64.0,2.8,1.552,210.721,64.371,64.4,2.7,1.558,211.239,64.269,64.2,2.8,1.543,211.762,64.165,63.0,3.0,1.542,212.281,64.059,64.0,2.7,1.543,212.788,63.953,61.7,3.2,1.523
210.192,64.472,64.0,2.8,1.552,210.721,64.371,64.4,2.7,1.558,211.239,64.269,64.2,2.8,1.543,211.762,64.165,63.0,3.0,1.542,212.281,64.059,64.0,2.7,1.543,212.788,63.953,61.7,3.2,1.523,213.3,63.844,61.4,3.3,1.523
210.721,64.371,64.4,2.7,1.558,211.239,64.269,64.2,2.8,1.543,211.762,64.165,63.0,3.0,1.542,212.281,64.059,64.0,2.7,1.543,212.788,63.953,61.7,3.2,1.523,213.3,63.844,61.4,3.3,1.523,213.808,63.733,62.0,3.2,1.518
211.239,64.269,64.2,2.8,1.543,211.762,64.165,63.0,3.0,1.542,212.281,64.059,64.0,2.7,1.543,212.788,63.953,61.7,3.2,1.523,213.3,63.844,61.4,3.3,1.523,213.808,63.733,62.0,3.2,1.518,214.313,63.621,62.8,2.9,1.526
211.762,64.165,63.0,3.0,1.542,212.281,64.059,64.0,2.7,1.543,212.788,63.953,61.7,3.2,1.523,213.3,63.844,61.4,3.3,1.523,213.808,63.733,62.0,3.2,1.518,214.313,63.621,62.8,2.9,1.526,214.821,63.506,64.1,2.7,1.512
212.281,64.059,64.0,2.7,1.543,212.788,63.953,61.7,3.2,1.523,213.3,63.844,61.4,3.3,1.523,213.808,63.733,62.0,3.2,1.518,214.313,63.621,62.8,2.9,1.526,214.821,63.506,64.1,2.7,1.512,215.797,63.278,66.0,2.4,1.528
212.788,63.953,61.7,3.2,1.523,213.3,63.844,61.4,3.3,1.523,213.808,63.733,62.0,3.2,1.518,214.313,63.621,62.8,2.9,1.526,214.821,63.506,64.1,2.7,1.512,215.797,63.278,66.0,2.4,1.528,216.294,63.159,66.3,2.3,1.525
213.3,63.844,61.4,3.3,1.523,213.808,63.733,62.0,3.2,1.518,214.313,63.621,62.8,2.9,1.526,214.821,63.506,64.1,2.7,1.512,215.797,63.278,66.0,2.4,1.528,216.294,63.159,66.3,2.3,1.525,216.765,63.044,67.2,2.3,1.53
213.808,63.733,62.0,3.2,1.518,214.313,63.621,62.8,2.9,1.526,214.821,63.506,64.1,2.7,1.512,215.797,63.278,66.0,2.4,1.528,216.294,63.159,66.3,2.3,1.525,216.765,63.044,67.2,2.3,1.53,217.248,62.923,66.0,2.2,1.53
214.313,63.621,62.8,2.9,1.526,214.821,63.506,64.1,2.7,1.512,215.797,63.278,66.0,2.4,1.528,216.294,63.159,66.3,2.3,1.525,216.765,63.044,67.2,2.3,1.53,217.248,62.923,66.0,2.2,1.53,217.728,62.802,63.2,2.7,1.503
214.821,63.506,64.1,2.7,1.512,215.797,63.278,66.0,2.4,1.528,216.294,63.159,66.3,2.3,1.525,216.765,63.044,67.2,2.3,1.53,217.248,62.923,66.0,2.2,1.53,217.728,62.802,63.2,2.7,1.503,218.203,62.679,61.0,3.2,1.5
215.797,63.278,66.0,2.4,1.528,216.294,63.159,66.3,2.3,1.525,216.765,63.044,67.2,2.3,1.53,217.248,62.923,66.0,2.2,1.53,217.728,62.802,63.2,2.7,1.503,218.203,62.679,61.0,3.2,1.5,218.683,62.552,60.9,3.3,1.484
216.294,63.159,66.3,2.3,1.525,216.765,63.044,67.2,2.3,1.53,217.248,62.923,66.0,2.2,1.53,217.728,62.802,63.2,2.7,1.503,218.203,62.679,61.0,3.2,1.5,218.683,62.552,60.9,3.3,1.484,219.144,62.429,60.0,3.5,1.474
216.765,63.044,67.2,2.3,1.53,217.248,62.923,66.0,2.2,1.53,217.728,62.802,63.2,2.7,1.503,218.203,62.679,61.0,3.2,1.5,218.683,62.552,60.9,3.3,1.484,219.144,62.429,60.0,3.5,1.474,219.609,62.302,59.0,3.9,1.479
217.248,62.923,66.0,2.2,1.53,217.728,62.802,63.2,2.7,1.503,218.203,62.679,61.0,3.2,1.5,218.683,62.552,60.9,3.3,1.484,219.144,62.429,60.0,3.5,1.474,219.609,62.302,59.0,3.9,1.479,220.521,62.046,56.6,4.5,1.463
217.728,62.802,63.2,2.7,1.503,218.203,62.679,61.0,3.2,1.5,218.683,62.552,60.9,3.3,1.484,219.144,62.429,60.0,3.5,1.474,219.609,62.302,59.0,3.9,1.479,220.521,62.046,56.6,4.5,1.463,220.983,61.914,56.5,4.6,1.47
218.203,62.679,61.0,3.2,1.5,218.683,62.552,60.9,3.3,1.484,219.144,62.429,60.0,3.5,1.474,219.609,62.302,59.0,3.9,1.479,220.521,62.046,56.6,4.5,1.463,220.983,61.914,56.5,4.6,1.47,221.426,61.784,57.3,4.2,1.47
218.683,62.552,60.9,3.3,1.484,219.144,62.429,60.0,3.5,1.474,219.609,62.302,59.0,3.9,1.479,220.521,62.046,56.6,4.5,1.463,220.983,61.914,56.5,4.6,1.47,221.426,61.784,57.3,4.2,1.47,221.874,61.651,57.6,4.2,1.472
219.144,62.429,60.0,3.5,1.474,219.609,62.302,59.0,3.9,1.479,220.521,62.046,56.6,4.5,1.463,220.983,61.914,56.5,4.6,1.47,221.426,61.784,57.3,4.2,1.47,221.874,61.651,57.6,4.2,1.472,222.318,61.517,57.7,4.1,1.475
219.609,62.302,59.0,3.9,1.479,220.521,62.046,56.6,4.5,1.463,220.983,61.914,56.5,4.6,1.47,221.426,61.784,57.3,4.2,1.47,221.874,61.651,57.6,4.2,1.472,222.318,61.517,57.7,4.1,1.475,222.758,61.382,57.7,4.1,1.47
220.521,62.046,56.6,4.5,1.463,220.983,61.914,56.5,4.6,1.47,221.426,61.784,57.3,4.2,1.47,221.874,61.651,57.6,4.2,1.472,222.318,61.517,57.7,4.1,1.475,222.758,61.382,57.7,4.1,1.47,223.188,61.248,57.2,4.2,1.459
220.983,61.914,56.5,4.6,1.47,221.426,61.784,57.3,4.2,1.47,221.874,61.651,57.6,4.2,1.472,222.318,61.517,57.7,4.1,1.475,222.758,61.382,57.7,4.1,1.47,223.188,61.248,57.2,4.2,1.459,223.622,61.111,56.1,4.6,1.45
221.426,61.784,57.3,4.2,1.47,221.874,61.651,57.6,4.2,1.472,222.318,61.517,57.7,4.1,1.475,222.758,61.382,57.7,4.1,1.47,223.188,61.248,57.2,4.2,1.459,223.622,61.111,56.1,4.6,1.45,224.053,60.972,56.9,4.6,1.441
221.874,61.651,57.6,4.2,1.472,222.318,61.517,57.7,4.1,1.475,222.758,61.382,57.7,4.1,1.47,223.188,61.248,57.2,4.2,1.459,223.622,61.111,56.1,4.6,1.45,224.053,60.972,56.9,4.6,1.441,224.48,60.833,58.9,3.8,1.437
222.318,61.517,57.7,4.1,1.475,222.758,61.382,57.7,4.1,1.47,223.188,61.248,57.2,4.2,1.459,223.622,61.111,56.1,4.6,1.45,224.053,60.972,56.9,4.6,1.441,224.48,60.833,58.9,3.8,1.437,224.903,60.692,58.5,3.9,1.411
222.758,61.382,57.7,4.1,1.47,223.188,61.248,57.2,4.2,1.459,223.622,61.111,56.1,4.6,1.45,224.053,60.972,56.9,4.6,1.441,224.48,60.833,58.9,3.8,1.437,224.903,60.692,58.5,3.9,1.411,225.331,60.548,58.3,4.1,1.4
223.188,61.248,57.2,4.2,1.459,223.622,61.111,56.1,4.6,1.45,224.053,60.972,56.9,4.6,1.441,224.48,60.833,58.9,3.8,1.437,224.903,60.692,58.5,3.9,1.411,225.331,60.548,58.3,4.1,1.4,225.734,60.41,57.7,4.3,1.39
223.622,61.111,56.1,4.6,1.45,224.053,60.972,56.9,4.6,1.441,224.48,60.833,58.9,3.8,1.437,224.903,60.692,58.5,3.9,1.411,225.331,60.548,58.3,4.1,1.4,225.734,60.41,57.7,4.3,1.39,226.148,60.266,55.7,4.7,1.379
224.053,60.972,56.9,4.6,1.441,224.48,60.833,58.9,3.8,1.437,224.903,60.692,58.5,3.9,1.411,225.331,60.548,58.3,4.1,1.4,225.734,60.41,57.7,4.3,1.39,226.148,60.266,55.7,4.7,1.379,226.967,59.976,58.1,4.2,1.388
224.48,60.833,58.9,3.8,1.437,224.903,60.692,58.5,3.9,1.411,225.331,60.548,58.3,4.1,1.4,225.734,60.41,57.7,4.3,1.39,226.148,60.266,55.7,4.7,1.379,226.967,59.976,58.1,4.2,1.388,227.371,59.829,59.1,3.8,1.393
224.903,60.692,58.5,3.9,1.411,225.331,60.548,58.3,4.1,1.4,225.734,60.41,57.7,4.3,1.39,226.148,60.266,55.7,4.7,1.379,226.967,59.976,58.1,4.2,1.388,227.371,59.829,59.1,3.8,1.393,227.766,59.684,59.5,3.7,1.384
225.331,60.548,58.3,4.1,1.4,225.734,60.41,57.7,4.3,1.39,226.148,60.266,55.7,4.7,1.379,226.967,59.976,58.1,4.2,1.388,227.371,59.829,59.1,3.8,1.393,227.766,59.684,59.5,3.7,1.384,228.164,59.536,61.1,3.4,1.396
225.734,60.41,57.7,4.3,1.39,226.148,60.266,55.7,4.7,1.379,226.967,59.976,58.1,4.2,1.388,227.371,59.829,59.1,3.8,1.393,227.766,59.684,59.5,3.7,1.384,228.164,59.536,61.1,3.4,1.396,228.559,59.386,62.7,3.0,1.399
226.148,60.266,55.7,4.7,1.379,226.967,59.976,58.1,4.2,1.388,227.371,59.829,59.1,3.8,1.393,227.766,59.684,59.5,3.7,1.384,228.164,59.536,61.1,3.4,1.396,228.559,59.386,62.7,3.0,1.399,228.951,59.236,63.8,2.7,1.402
226.967,59.976,58.1,4.2,1.388,227.371,59.829,59.1,3.8,1.393,227.766,59.684,59.5,3.7,1.384,228.164,59.536,61.1,3.4,1.396,228.559,59.386,62.7,3.0,1.399,228.951,59.236,63.8,2.7,1.402,229.334,59.087,62.6,2.9,1.379
227.371,59.829,59.1,3.8,1.393,227.766,59.684,59.5,3.7,1.384,228.164,59.536,61.1,3.4,1.396,228.559,59.386,62.7,3.0,1.399,228.951,59.236,63.8,2.7,1.402,229.334,59.087,62.6,2.9,1.379,229.719,58.935,62.6,2.9,1.37
227.766,59.684,59.5,3.7,1.384,228.164,59.536,61.1,3.4,1.396,228.559,59.386,62.7,3.0,1.399,228.951,59.236,63.8,2.7,1.402,229.334,59.087,62.6,2.9,1.379,229.719,58.935,62.6,2.9,1.37,230.108,58.78,63.3,2.8,1.371
228.164,59.536,61.1,3.4,1.396,228.559,59.386,62.7,3.0,1.399,228.951,59.236,63.8,2.7,1.402,229.334,59.087,62.6,2.9,1.379,229.719,58.935,62.6,2.9,1.37,230.108,58.78,63.3,2.8,1.371,230.482,58.629,64.4,2.7,1.368
228.559,59.386,62.7,3.0,1.399,228.951,59.236,63.8,2.7,1.402,229.334,59.087,62.6,2.9,1.379,229.719,58.935,62.6,2.9,1.37,230.108,58.78,63.3,2.8,1.371,230.482,58.629,64.4,2.7,1.368,230.865,58.472,65.3,2.6,1.347
228.951,59.236,63.8,2.7,1.402,229.334,59.087,62.6,2.9,1.379,229.719,58.935,62.6,2.9,1.37,230.108,58.78,63.3,2.8,1.371,230.482,58.629,64.4,2.7,1.368,230.865,58.472,65.3,2.6,1.347,231.228,58.321,63.6,2.7,1.343
229.334,59.087,62.6,2.9,1.379,229.719,58.935,62.6,2.9,1.37,230.108,58.78,63.3,2.8,1.371,230.482,58.629,64.4,2.7,1.368,230.865,58.472,65.3,2.6,1.347,231.228,58.321,63.6,2.7,1.343,231.605,58.162,62.4,2.8,1.331
229.719,58.935,62.6,2.9,1.37,230.108,58.78,63.3,2.8,1.371,230.482,58.629,64.4,2.7,1.368,230.865,58.472,65.3,2.6,1.347,231.228,58.321,63.6,2.7,1.343,231.605,58.162,62.4,2.8,1.331,231.973,58.005,62.6,2.7,1.335
230.108,58.78,63.3,2.8,1.371,230.482,58.629,64.4,2.7,1.368,230.865,58.472,65.3,2.6,1.347,231.228,58.321,63.6,2.7,1.343,231.605,58.162,62.4,2.8,1.331,231.973,58.005,62.6,2.7,1.335,232.333,57.85,60.5,3.3,1.333
230.482,58.629,64.4,2.7,1.368,230.865,58.472,65.3,2.6,1.347,231.228,58.321,63.6,2.7,1.343,231.605,58.162,62.4,2.8,1.331,231.973,58.005,62.6,2.7,1.335,232.333,57.85,60.5,3.3,1.333,232.696,57.691,60.5,3.4,1.332
230.865,58.472,65.3,2.6,1.347,231.228,58.321,63.6,2.7,1.343,231.605,58.162,62.4,2.8,1.331,231.973,58.005,62.6,2.7,1.335,232.333,57.85,60.5,3.3,1.333,232.696,57.691,60.5,3.4,1.332,233.056,57.532,61.2,3.3,1.325
231.228,58.321,63.6,2.7,1.343,231.605,58.162,62.4,2.8,1.331,231.973,58.005,62.6,2.7,1.335,232.333,57.85,60.5,3.3,1.333,232.696,57.691,60.5,3.4,1.332,233.056,57.532,61.2,3.3,1.325,233.413,57.372,61.7,3.1,1.315
231.605,58.162,62.4,2.8,1.331,231.973,58.005,62.6,2.7,1.335,232.333,57.85,60.5,3.3,1.333,232.696,57.691,60.5,3.4,1.332,233.056,57.532,61.2,3.3,1.325,233.413,57.372,61.7,3.1,1.315,233.768,57.211,61.2,2.8,1.309
231.973,58.005,62.6,2.7,1.335,232.333,57.85,60.5,3.3,1.333,232.696,57.691,60.5,3.4,1.332,233.056,57.532,61.2,3.3,1.325,233.413,57.372,61.7,3.1,1.315,233.768,57.211,61.2,2.8,1.309,234.114,57.052,59.9,3.2,1.299
232.333,57.85,60.5,3.3,1.333,232.696,57.691,60.5,3.4,1.332,233.056,57.532,61.2,3.3,1.325,233.413,57.372,61.7,3.1,1.315,233.768,57.211,61.2,2.8,1.309,234.114,57.052,59.9,3.2,1.299,234.48,56.882,58.7,3.3,1.292
232.696,57.691,60.5,3.4,1.332,233.056,57.532,61.2,3.3,1.325,233.413,57.372,61.7,3.1,1.315,233.768,57.211,61.2,2.8,1.309,234.114,57.052,59.9,3.2,1.299,234.48,56.882,58.7,3.3,1.292,234.811,56.727,57.7,3.6,1.273
233.056,57.532,61.2,3.3,1.325,233.413,57.372,61.7,3.1,1.315,233.768,57.211,61.2,2.8,1.309,234.114,57.052,59.9,3.2,1.299,234.48,56.882,58.7,3.3,1.292,234.811,56.727,57.7,3.6,1.273,235.166,56.558,57.6,3.9,1.252
233.413,57.372,61.7,3.1,1.315,233.768,57.211,61.2,2.8,1.309,234.114,57.052,59.9,3.2,1.299,234.48,56.882,58.7,3.3,1.292,234.811,56.727,57.7,3.6,1.273,235.166,56.558,57.6,3.9,1.252,235.83,56.236,59.4,3.2,1.237
233.768,57.211,61.2,2.8,1.309,234.114,57.052,59.9,3.2,1.299,234.48,56.882,58.7,3.3,1.292,234.811,56.727,57.7,3.6,1.273,235.166,56.558,57.6,3.9,1.252,235.83,56.236,59.4,3.2,1.237,236.167,56.071,57.9,3.5,1.23
234.114,57.052,59.9,3.2,1.299,234.48,56.882,58.7,3.3,1.292,234.811,56.727,57.7,3.6,1.273,235.166,56.558,57.6,3.9,1.252,235.83,56.236,59.4,3.2,1.237,236.167,56.071,57.9,3.5,1.23,236.506,55.902,57.1,3.9,1.222
234.48,56.882,58.7,3.3,1.292,234.811,56.727,57.7,3.6,1.273,235.166,56.558,57.6,3.9,1.252,235.83,56.236,59.4,3.2,1.237,236.167,56.071,57.9,3.5,1.23,236.506,55.902,57.1,3.9,1.222,236.843,55.732,56.9,4.0,1.212
234.811,56.727,57.7,3.6,1.273,235.166,56.558,57.6,3.9,1.252,235.83,56.236,59.4,3.2,1.237,236.167,56.071,57.9,3.5,1.23,236.506,55.902,57.1,3.9,1.222,236.843,55.732,56.9,4.0,1.212,237.484,55.404,58.1,3.6,1.198
235.166,56.558,57.6,3.9,1.252,235.83,56.236,59.4,3.2,1.237,236.167,56.071,57.9,3.5,1.23,236.506,55.902,57.1,3.9,1.222,236.843,55.732,56.9,4.0,1.212,237.484,55.404,58.1,3.6,1.198,237.808,55.235,59.3,3.3,1.194
235.83,56.236,59.4,3.2,1.237,236.167,56.071,57.9,3.5,1.23,236.506,55.902,57.1,3.9,1.222,236.843,55.732,56.9,4.0,1.212,237.484,55.404,58.1,3.6,1.198,237.808,55.235,59.3,3.3,1.194,238.146,55.058,60.1,3.1,1.202
236.167,56.071,57.9,3.5,1.23,236.506,55.902,57.1,3.9,1.222,236.843,55.732,56.9,4.0,1.212,237.484,55.404,58.1,3.6,1.198,237.808,55.235,59.3,3.3,1.194,238.146,55.058,60.1,3.1,1.202,238.455,54.893,61.1,3.0,1.191
236.506,55.902,57.1,3.9,1.222,236.843,55.732,56.9,4.0,1.212,237.484,55.404,58.1,3.6,1.198,237.808,55.235,59.3,3.3,1.194,238.146,55.058,60.1,3.1,1.202,238.455,54.893,61.1,3.0,1.191,238.773,54.723,62.2,2.8,1.201
236.843,55.732,56.9,4.0,1.212,237.484,55.404,58.1,3.6,1.198,237.808,55.235,59.3,3.3,1.194,238.146,55.058,60.1,3.1,1.202,238.455,54.893,61.1,3.0,1.191,238.773,54.723,62.2,2.8,1.201,239.078,54.557,63.2,2.6,1.189
237.484,55.404,58.1,3.6,1.198,237.808,55.235,59.3,3.3,1.194,238.146,55.058,60.1,3.1,1.202,238.455,54.893,61.1,3.0,1.191,238.773,54.723,62.2,2.8,1.201,239.078,54.557,63.2,2.6,1.189,239.391,54.385,61.8,2.7,1.182
237.808,55.235,59.3,3.3,1.194,238.146,55.058,60.1,3.1,1.202,238.455,54.893,61.1,3.0,1.191,238.773,54.723,62.2,2.8,1.201,239.078,54.557,63.2,2.6,1.189,239.391,54.385,61.8,2.7,1.182,239.707,54.21,60.8,2.9,1.175
238.146,55.058,60.1,3.1,1.202,238.455,54.893,61.1,3.0,1.191,238.773,54.723,62.2,2.8,1.201,239.078,54.557,63.2,2.6,1.189,239.391,54.385,61.8,2.7,1.182,239.707,54.21,60.8,2.9,1.175,240.016,54.037,60.0,3.1,1.167
238.455,54.893,61.1,3.0,1.191,238.773,54.723,62.2,2.8,1.201,239.078,54.557,63.2,2.6,1.189,239.391,54.385,61.8,2.7,1.182,239.707,54.21,60.8,2.9,1.175,240.016,54.037,60.0,3.1,1.167,240.318,53.867,61.3,2.9,1.158
238.773,54.723,62.2,2.8,1.201,239.078,54.557,63.2,2.6,1.189,239.391,54.385,61.8,2.7,1.182,239.707,54.21,60.8,2.9,1.175,240.016,54.037,60.0,3.1,1.167,240.318,53.867,61.3,2.9,1.158,240.617,53.696,62.2,2.7,1.151
239.078,54.557,63.2,2.6,1.189,239.391,54.385,61.8,2.7,1.182,239.707,54.21,60.8,2.9,1.175,240.016,54.037,60.0,3.1,1.167,240.318,53.867,61.3,2.9,1.158,240.617,53.696,62.2,2.7,1.151,240.92,53.521,62.8,2.7,1.146
239.391,54.385,61.8,2.7,1.182,239.707,54.21,60.8,2.9,1.175,240.016,54.037,60.0,3.1,1.167,240.318,53.867,61.3,2.9,1.158,240.617,53.696,62.2,2.7,1.151,240.92,53.521,62.8,2.7,1.146,241.225,53.344,63.4,2.6,1.14
239.707,54.21,60.8,2.9,1.175,240.016,54.037,60.0,3.1,1.167,240.318,53.867,61.3,2.9,1.158,240.617,53.696,62.2,2.7,1.151,240.92,53.521,62.8,2.7,1.146,241.225,53.344,63.4,2.6,1.14,241.518,53.171,63.5,2.6,1.134
240.016,54.037,60.0,3.1,1.167,240.318,53.867,61.3,2.9,1.158,240.617,53.696,62.2,2.7,1.151,240.92,53.521,62.8,2.7,1.146,241.225,53.344,63.4,2.6,1.14,241.518,53.171,63.5,2.6,1.134,241.815,52.995,63.5,2.5,1.127
240.318,53.867,61.3,2.9,1.158,240.617,53.696,62.2,2.7,1.151,240.92,53.521,62.8,2.7,1.146,241.225,53.344,63.4,2.6,1.14,241.518,53.171,63.5,2.6,1.134,241.815,52.995,63.5,2.5,1.127,242.104,52.821,63.0,2.5,1.122
240.617,53.696,62.2,2.7,1.151,240.92,53.521,62.8,2.7,1.146,241.225,53.344,63.4,2.6,1.14,241.518,53.171,63.5,2.6,1.134,241.815,52.995,63.5,2.5,1.127,242.104,52.821,63.0,2.5,1.122,242.396,52.645,63.3,2.5,1.117
240.92,53.521,62.8,2.7,1.146,241.225,53.344,63.4,2.6,1.14,241.518,53.171,63.5,2.6,1.134,241.815,52.995,63.5,2.5,1.127,242.104,52.821,63.0,2.5,1.122,242.396,52.645,63.3,2.5,1.117,242.682,52.47,63.6,2.5,1.112
241.225,53.344,63.4,2.6,1.14,241.518,53.171,63.5,2.6,1.134,241.815,52.995,63.5,2.5,1.127,242.104,52.821,63.0,2.5,1.122,242.396,52.645,63.3,2.5,1.117,242.682,52.47,63.6,2.5,1.112,242.971,52.292,63.9,2.4,1.112
241.518,53.171,63.5,2.6,1.134,241.815,52.995,63.5,2.5,1.127,242.104,52.821,63.0,2.5,1.122,242.396,52.645,63.3,2.5,1.117,242.682,52.47,63.6,2.5,1.112,242.971,52.292,63.9,2.4,1.112,243.257,52.114,64.3,2.3,1.108
241.815,52.995,63.5,2.5,1.127,242.104,52.821,63.0,2.5,1.122,242.396,52.645,63.3,2.5,1.117,242.682,52.47,63.6,2.5,1.112,242.971,52.292,63.9,2.4,1.112,243.257,52.114,64.3,2.3,1.108,243.546,51.933,62.5,2.5,1.103
242.104,52.821,63.0,2.5,1.122,242.396,52.645,63.3,2.5,1.117,242.682,52.47,63.6,2.5,1.112,242.971,52.292,63.9,2.4,1.112,243.257,52.114,64.3,2.3,1.108,243.546,51.933,62.5,2.5,1.103,243.829,51.753,62.3,2.5,1.095
242.396,52.645,63.3,2.5,1.117,242.682,52.47,63.6,2.5,1.112,242.971,52.292,63.9,2.4,1.112,243.257,52.114,64.3,2.3,1.108,243.546,51.933,62.5,2.5,1.103,243.829,51.753,62.3,2.5,1.095,244.11,51.574,62.6,2.5,1.088
242.682,52.47,63.6,2.5,1.112,242.971,52.292,63.9,2.4,1.112,243.257,52.114,64.3,2.3,1.108,243.546,51.933,62.5,2.5,1.103,243.829,51.753,62.3,2.5,1.095,244.11,51.574,62.6,2.5,1.088,244.385,51.397,63.2,2.5,1.084
242.971,52.292,63.9,2.4,1.112,243.257,52.114,64.3,2.3,1.108,243.546,51.933,62.5,2.5,1.103,243.829,51.753,62.3,2.5,1.095,244.11,51.574,62.6,2.5,1.088,244.385,51.397,63.2,2.5,1.084,244.658,51.219,63.1,2.4,1.08
243.257,52.114,64.3,2.3,1.108,243.546,51.933,62.5,2.5,1.103,243.829,51.753,62.3,2.5,1.095,244.11,51.574,62.6,2.5,1.088,244.385,51.397,63.2,2.5,1.084,244.658,51.219,63.1,2.4,1.08,244.933,51.038,61.7,2.6,1.079
243.546,51.933,62.5,2.5,1.103,243.829,51.753,62.3,2.5,1.095,244.11,51.574,62.6,2.5,1.088,244.385,51.397,63.2,2.5,1.084,244.658,51.219,63.1,2.4,1.08,244.933,51.038,61.7,2.6,1.079,245.207,50.857,61.2,2.7,1.074
243.829,51.753,62.3,2.5,1.095,244.11,51.574,62.6,2.5,1.088,244.385,51.397,63.2,2.5,1.084,244.658,51.219,63.1,2.4,1.08,244.933,51.038,61.7,2.6,1.079,245.207,50.857,61.2,2.7,1.074,245.475,50.679,61.6,2.7,1.07
244.11,51.574,62.6,2.5,1.088,244.385,51.397,63.2,2.5,1.084,244.658,51.219,63.1,2.4,1.08,244.933,51.038,61.7,2.6,1.079,245.207,50.857,61.2,2.7,1.074,245.475,50.679,61.6,2.7,1.07,245.745,50.497,62.2,2.5,1.067
244.385,51.397,63.2,2.5,1.084,244.658,51.219,63.1,2.4,1.08,244.933,51.038,61.7,2.6,1.079,245.207,50.857,61.2,2.7,1.074,245.475,50.679,61.6,2.7,1.07,245.745,50.497,62.2,2.5,1.067,246.018,50.311,62.4,2.5,1.065
244.658,51.219,63.1,2.4,1.08,244.933,51.038,61.7,2.6,1.079,245.207,50.857,61.2,2.7,1.074,245.475,50.679,61.6,2.7,1.07,245.745,50.497,62.2,2.5,1.067,246.018,50.311,62.4,2.5,1.065,246.285,50.129,62.5,2.5,1.063
244.933,51.038,61.7,2.6,1.079,245.207,50.857,61.2,2.7,1.074,245.475,50.679,61.6,2.7,1.07,245.745,50.497,62.2,2.5,1.067,246.018,50.311,62.4,2.5,1.065,246.285,50.129,62.5,2.5,1.063,246.547,49.948,62.6,2.4,1.058
245.207,50.857,61.2,2.7,1.074,245.475,50.679,61.6,2.7,1.07,245.745,50.497,62.2,2.5,1.067,246.018,50.311,62.4,2.5,1.065,246.285,50.129,62.5,2.5,1.063,246.547,49.948,62.6,2.4,1.058,246.815,49.762,62.6,2.4,1.052
245.475,50.679,61.6,2.7,1.07,245.745,50.497,62.2,2.5,1.067,246.018,50.311,62.4,2.5,1.065,246.285,50.129,62.5,2.5,1.063,246.547,49.948,62.6,2.4,1.058,246.815,49.762,62.6,2.4,1.052,247.073,49.581,62.4,2.4,1.045
245.745,50.497,62.2,2.5,1.067,246.018,50.311,62.4,2.5,1.065,246.285,50.129,62.5,2.5,1.063,246.547,49.948,62.6,2.4,1.058,246.815,49.762,62.6,2.4,1.052,247.073,49.581,62.4,2.4,1.045,247.329,49.4,62.4,2.4,1.04
246.018,50.311,62.4,2.5,1.065,246.285,50.129,62.5,2.5,1.063,246.547,49.948,62.6,2.4,1.058,246.815,49.762,62.6,2.4,1.052,247.073,49.581,62.4,2.4,1.045,247.329,49.4,62.4,2.4,1.04,247.588,49.215,62.7,2.4,1.035
